         0
         0
         0
         0
         0
         0
         0
         0
         0
         0
         0
         0
         0
         0
         0
         0
         0
         0
         0
         0
         0
         0
         0
         0
         0
         0
         0
         0
         0
         0
         0
         0
         0
         0
         0
         0
         0
         0
         0
         0
         0
         0
         0
         0
         0
         0
         0
         0
         0
         0
         0
         0
         0
         0
         0
         0
         0
         0
         0
         0
         0
         0
         0
         0
         0
         0
         0
         0
         0
         0
         0
         0
         0
         0
         0
         0
         0
         0
         0
         0
         0
         0
         0
         0
         0
         0
         0
         0
         0
         0
         0
         0
         0
         0
         0
         0
         0
         0
         0
         0
         0
         0
         0
         0
         0
         0
         0
         0
         0
         0
         0
         0
         0
         0
         0
         0
         0
         0
         0
         0
         0
         0
         0
         0
         0
         0
         0
         0
         0
         0
         0
         0
         0
         0
         0
         0
         0
         0
         0
         0
         0
         0
         0
         0
         0
         0
         0
         0
         0
         0
         0
         0
         0
         0
         0
         0
         0
         0
         0
         0
         0
         0
         0
         0
         0
         0
         1
         0
         1
         0
         0
         0
         0
         0
         1
         0
         0
         0
         1
         1
         0
         0
         0
         0
         0
         1
         0
         0
         1
         0
         0
         0
         0
         1
         0
         0
         3
         1
         0
         0
         0
         1
         0
         1
         1
         0
         1
         1
         0
         2
         0
         1
         1
         0
         0
         0
         1
         1
         1
         0
         0
         0
         0
         1
         0
         2
         2
         0
         0
         0
         2
         1
         0
         1
         0
         0
         4
         1
         0
         0
         0
         0
         0
         0
         3
         0
         1
         2
         1
         0
         2
         0
         2
         1
         0
         0
         1
         1
         0
         0
         0
         2
         0
         3
         0
         0
         1
         0
         1
         2
         0
         0
         1
         1
         1
         0
         1
         0
         0
         0
         1
         0
         2
         1
         1
         0
         0
         0
         1
         0
         0
         2
         2
         0
         0
         2
         0
         2
         1
         3
         2
         2
         1
         1
         1
         1
         0
         1
         2
         3
         1
         1
         2
         0
         2
         0
         1
         0
         1
         0
         0
         2
         1
         0
         0
         0
         0
         0
         0
         2
         1
         1
         2
         0
         0
         0
         1
         0
         1
         1
         1
         1
         0
         3
         2
         2
         2
         2
         0
         1
         2
         4
         2
         2
         2
         5
         5
         4
         2
         5
         2
         6
         6
         4
         8
         6
         8
         9
        15
        13
         8
        10
         7
        12
        10
        10
        15
        15
        21
        16
        21
        23
        15
        22
        19
        31
        19
        21
        21
        22
        22
        33
        21
        22
        28
        27
        28
        22
        18
        28
        21
        22
        29
        14
        23
        26
        22
        22
        20
        20
        15
        26
        13
        19
        11
        16
        10
        10
        12
        10
        13
         7
         7
         7
        13
         8
        12
         4
         5
         4
         7
         4
         7
         2
         2
         2
         4
         2
         1
         3
         2
         5
         2
         0
         2
         3
         0
         2
         3
         1
         1
         2
         0
         0
         1
         0
         0
         0
         2
         1
         0
         1
         0
         1
         3
         3
         1
         0
         1
         0
         1
         2
         1
         1
         1
         0
         0
         1
         0
         2
         1
         2
         0
         1
         0
         0
         2
         0
         1
         1
         1
         2
         0
         1
         1
         0
         0
         1
         1
         2
         2
         0
         0
         2
         0
         1
         0
         0
         2
         1
         0
         0
         0
         0
         0
         3
         0
         0
         2
         1
         1
         1
         0
         0
         0
         1
         1
         1
         0
         0
         1
         3
         0
         2
         0
         0
         0
         1
         0
         0
         0
         0
         1
         2
         1
         2
         0
         1
         2
         0
         0
         1
         0
         0
         0
         1
         1
         0
         0
         0
         3
         1
         1
         0
         0
         1
         2
         1
         2
         0
         0
         0
         1
         1
         0
         1
         0
         1
         1
         2
         1
         1
         0
         0
         0
         0
         0
         0
         0
         2
         0
         1
         0
         0
         0
         0
         1
         1
         0
         2
         1
         0
         0
         0
         0
         1
         1
         0
         0
         0
         0
         1
         1
         0
         0
         1
         0
         0
         2
         0
         0
         1
         0
         0
         0
         0
         1
         0
         0
         1
         0
         0
         0
         0
         0
         0
         0
         0
         2
         0
         0
         0
         0
         0
         0
         1
         0
         1
         0
         0
         0
         0
         0
         1
         0
         0
         0
         0
         1
         0
         0
         0
         0
         0
         0
         0
         0
         0
         0
         0
         0
         0
         0
         0
         0
         0
         0
         0
         0
         0
         0
         0
         0
         0
         0
         0
         0
         0
         0
         0
         0
         0
         0
         0
         0
         0
         0
         0
         0
         0
         0
         0
         0
         0
         0
         0
         0
         0
         0
         0
         0
         0
         0
         0
         0
         0
         0
         0
         0
         0
         0
         0
         0
         0
         0
         0
         0
         0
         0
         0
         0
         0
         0
         0
         0
         0
         0
         0
         0
         0
         0
         0
         0
         0
         0
         0
         0
         0
         0
         0
         0
         0
         0
         0
         0
         0
         0
         0
         0
         0
         0
         0
         0
         0
         0
         0
         0
         0
         0
         0
         0
         0
         0
         0
         0
         0
         0
         0
         0
         0
         0
         0
         0
         0
         0
         0
         0
         0
         0
         0
         0
         0
         0
         0
         0
         0
         0
         0
         0
         0
         0
         0
         0
         0
         0
         0
         0
         0
         0
         0
         0
         0
         0
         0
         0
         0
         0
         0
         0
         0
         0
         0
         0
         0
         0
         0
         0
         0
         0
         0
         0
         0
         0
         0
         0
         0
         0
         0
         0
         0
         0
         0
         0
         0
         0
         0
         0
         0
         0
         0
         0
         0
         0
         0
         0
         0
         0
         0
         0
         0
         0
         0
         0
         0
         0
         0
         0
         0
         0
         0
         0
         0
         0
         0
         0
         0
         0
         0
         0
         0
         0
         0
         0
         0
         0
         0
         0
         0
         0
         0
         0
         0
         0
         0
         0
         0
         0
         0
         0
         0
         0
         0
         0
         0
         0
         0
         0
         0
         0
         0
         0
         0
         0
         0
         0
         0
         0
         0
         0
         0
         0
         0
         0
         0
         0
         0
         0
         0
         0
         0
         0
         0
         0
         0
         0
         0
         0
         0
         0
         0
         0
         0
         0
         0
         0
         0
         0
         0
         0
         0
         0
         0
         0
         0
         0
         0
         0
         0
         0
         0
         0
         0
         0
         0
         0
         0
         0
         0
         0
         0
         0
         0
         0
         0
         0
         0
         0
         0
         0
         0
         0
         0
         0
         0
         0
         0
         0
         0
         0
         0
         0
         0
         0
         0
         0
         0
         0
         0
         0
         0
         0
         0
         0
         0
         0
         0
         0
         0
         0
         0
         0
         0
         0
         0
         0
         0
         0
         0
         0
         0
         0
         0
         0
         0
