         0
         0
         0
         0
         0
         0
         0
         0
         0
         0
         0
         0
         0
         0
         0
         0
         0
         0
         0
         0
         0
         0
         0
         0
         0
         0
         0
         0
         0
         0
         0
         0
         0
         0
         0
         0
         0
         0
         0
         0
         0
         0
         0
         0
         0
         0
         0
         0
         0
         0
         0
         0
         0
         0
         0
         0
         0
         0
         0
         0
         0
         0
         0
         0
         0
         0
         0
         0
         0
         0
         0
         0
         0
         0
         0
         0
         0
         0
         0
         0
         0
         0
         0
         0
         0
         0
         0
         0
         0
         0
         0
         0
         0
         0
         0
         0
         0
         0
         0
         0
         0
         0
         0
         0
         0
         0
         0
         0
         0
         0
         0
         0
         0
         0
         0
         0
         0
         0
         0
         0
         0
         0
         0
         0
         0
         0
         0
         0
         0
         0
         0
         0
         0
         0
         0
         0
         0
         0
         0
         0
         0
         0
         0
         0
         0
         0
         0
         0
         0
         0
         0
         0
         0
         0
         0
         0
         0
         0
         0
         0
         0
         0
         0
         0
         0
         0
         0
         0
         0
         0
         0
         1
         0
         0
         0
         0
         0
         0
         0
         1
         1
         0
         0
         2
         0
         0
         0
         0
         1
         2
         0
         0
         1
         0
         0
         0
         0
         0
         0
         0
         0
         0
         1
         0
         0
         1
         0
         1
         0
         0
         0
         2
         2
         1
         4
         1
         0
         1
         2
         1
         1
         0
         1
         0
         0
         0
         0
         0
         1
         0
         1
         3
         0
         0
         1
         1
         2
         1
         0
         0
         0
         2
         2
         0
         1
         1
         1
         0
         0
         0
         0
         0
         1
         0
         0
         0
         0
         0
         0
         0
         1
         1
         1
         1
         0
         1
         0
         0
         0
         0
         1
         1
         0
         0
         1
         0
         1
         2
         0
         0
         1
         1
         2
         0
         1
         0
         0
         1
         0
         0
         2
         0
         1
         1
         0
         0
         2
         3
         2
         0
         1
         0
         2
         0
         1
         2
         1
         0
         0
         1
         1
         1
         0
         2
         1
         0
         0
         1
         1
         0
         1
         0
         0
         0
         0
         2
         1
         1
         1
         0
         1
         1
         0
         0
         1
         1
         2
         1
         2
         0
         0
         0
         0
         2
         2
         4
         0
         0
         4
         2
         0
         3
         5
         0
         0
         0
         2
         1
         2
         0
         1
         1
         3
         1
         1
         1
         0
         1
         3
         4
         0
         5
         3
         2
         3
         2
         0
         1
         1
         0
         1
         2
         3
         3
         8
         5
         5
         8
         9
         7
         9
        10
        11
        11
         7
        12
        13
        10
        17
        11
        13
        13
        22
        11
        15
        27
        24
        21
        30
        20
        26
        25
        25
        30
        22
        31
        21
        23
        33
        21
        28
        22
        24
        29
        23
        31
        23
        27
        26
        23
        22
        27
        17
        17
        15
        14
        23
        15
        12
        19
        17
        11
         8
         9
         7
        10
         7
         8
         4
         8
         6
         6
         5
         3
         3
         6
         1
         2
         6
         5
         2
         4
         2
         5
         1
         1
         1
         0
         2
         2
         0
         1
         0
         1
         1
         4
         4
         0
         1
         3
         1
         0
         2
         0
         2
         0
         0
         3
         3
         0
         2
         4
         1
         0
         0
         1
         1
         1
         3
         1
         0
         2
         0
         2
         1
         0
         1
         1
         0
         0
         0
         0
         0
         2
         1
         0
         1
         0
         2
         0
         1
         0
         1
         0
         0
         0
         0
         1
         0
         0
         2
         0
         0
         2
         0
         0
         1
         1
         1
         2
         0
         0
         0
         1
         0
         2
         0
         0
         1
         1
         0
         0
         2
         0
         0
         0
         0
         0
         1
         1
         0
         0
         2
         0
         1
         0
         2
         0
         0
         2
         0
         1
         0
         1
         1
         1
         0
         1
         1
         1
         1
         1
         0
         0
         1
         0
         0
         0
         0
         0
         0
         1
         0
         2
         1
         0
         0
         0
         1
         0
         0
         0
         0
         0
         2
         2
         0
         0
         0
         1
         0
         3
         1
         1
         0
         0
         0
         1
         0
         0
         0
         1
         1
         0
         0
         0
         0
         1
         0
         1
         0
         0
         1
         1
         0
         1
         0
         1
         2
         0
         0
         0
         0
         1
         2
         0
         0
         0
         0
         0
         0
         0
         0
         0
         0
         0
         0
         0
         1
         0
         0
         0
         0
         0
         0
         0
         0
         0
         0
         0
         0
         0
         0
         0
         0
         0
         0
         0
         0
         0
         0
         0
         0
         0
         0
         0
         0
         0
         0
         0
         0
         0
         0
         0
         0
         0
         0
         0
         0
         0
         0
         0
         0
         0
         0
         0
         0
         0
         0
         0
         0
         0
         0
         0
         0
         0
         0
         0
         0
         0
         0
         0
         0
         0
         0
         0
         0
         0
         0
         0
         0
         0
         0
         0
         0
         0
         0
         0
         0
         0
         0
         0
         0
         0
         0
         0
         0
         0
         0
         0
         0
         0
         0
         0
         0
         0
         0
         0
         0
         0
         0
         0
         0
         0
         0
         0
         0
         0
         0
         0
         0
         0
         0
         0
         0
         0
         0
         0
         0
         0
         0
         0
         0
         0
         0
         0
         0
         0
         0
         0
         0
         0
         0
         0
         0
         0
         0
         0
         0
         0
         0
         0
         0
         0
         0
         0
         0
         0
         0
         0
         0
         0
         0
         0
         0
         0
         0
         0
         0
         0
         0
         0
         0
         0
         0
         0
         0
         0
         0
         0
         0
         0
         0
         0
         0
         0
         0
         0
         0
         0
         0
         0
         0
         0
         0
         0
         0
         0
         0
         0
         0
         0
         0
         0
         0
         0
         0
         0
         0
         0
         0
         0
         0
         0
         0
         0
         0
         0
         0
         0
         0
         0
         0
         0
         0
         0
         0
         0
         0
         0
         0
         0
         0
         0
         0
         0
         0
         0
         0
         0
         0
         0
         0
         0
         0
         0
         0
         0
         0
         0
         0
         0
         0
         0
         0
         0
         0
         0
         0
         0
         0
         0
         0
         0
         0
         0
         0
         0
         0
         0
         0
         0
         0
         0
         0
         0
         0
         0
         0
         0
         0
         0
         0
         0
         0
         0
         0
         0
         0
         0
         0
         0
         0
         0
         0
         0
         0
         0
         0
         0
         0
         0
         0
         0
         0
         0
         0
         0
         0
         0
         0
         0
         0
         0
         0
         0
         0
         0
         0
         0
         0
         0
         0
         0
         0
         0
         0
         0
         0
         0
         0
         0
         0
         0
         0
         0
         0
         0
         0
         0
         0
         0
         0
         0
         0
         0
         0
         0
         0
         0
         0
         0
         0
         0
         0
         0
         0
         0
         0
         0
         0
         0
         0
         0
         0
         0
         0
         0
         0
         0
         0
         0
         0
         0
