         0
         0
         0
         0
         0
         0
         0
         0
         0
         0
         0
         0
         0
         0
         0
         0
         0
         0
         0
         0
         0
         0
         0
         0
         0
         0
         0
         0
         0
         0
         0
         0
         0
         0
         0
         0
         0
         0
         0
         0
         0
         0
         0
         0
         0
         0
         0
         0
         0
         0
         0
         0
         0
         0
         0
         0
         0
         0
         0
         0
         0
         0
         0
         0
         0
         0
         0
         0
         0
         0
         0
         0
         0
         0
         0
         0
         0
         0
         0
         0
         0
         0
         0
         0
         0
         0
         0
         0
         0
         0
         0
         0
         0
         0
         0
         0
         0
         0
         0
         0
         0
         0
         0
         0
         0
         0
         0
         0
         0
         0
         0
         0
         0
         0
         0
         0
         0
         0
         0
         0
         0
         0
         0
         0
         0
         0
         0
         0
         0
         0
         0
         0
         0
         0
         0
         0
         0
         0
         0
         0
         0
         0
         0
         0
         0
         0
         0
         0
         0
         0
         0
         0
         0
         0
         0
         0
         0
         0
         0
         0
         0
         0
         0
         0
         0
         0
         0
         0
         1
         0
         0
         0
         0
         0
         1
         0
         0
         0
         0
         0
         1
         0
         0
         0
         0
         1
         1
         2
         0
         1
         0
         0
         2
         2
         1
         1
         0
         1
         1
         1
         0
         0
         0
         1
         0
         0
         0
         0
         1
         1
         0
         0
         0
         0
         0
         0
         4
         1
         0
         0
         2
         0
         0
         1
         0
         1
         2
         0
         0
         0
         0
         1
         0
         1
         0
         2
         0
         0
         0
         1
         0
         0
         0
         1
         0
         0
         1
         0
         0
         2
         1
         0
         3
         0
         0
         0
         0
         0
         1
         0
         2
         1
         2
         0
         1
         1
         0
         1
         0
         0
         0
         0
         0
         1
         2
         1
         0
         0
         0
         1
         0
         0
         0
         1
         1
         0
         1
         1
         0
         1
         0
         1
         0
         0
         2
         0
         0
         0
         1
         0
         1
         2
         2
         0
         2
         0
         0
         0
         0
         0
         0
         0
         1
         0
         1
         0
         0
         2
         1
         2
         2
         0
         0
         0
         1
         0
         1
         0
         2
         0
         0
         0
         1
         0
         1
         1
         1
         0
         1
         1
         0
         1
         1
         0
         0
         2
         1
         0
         0
         0
         2
         0
         0
         1
         1
         0
         0
         1
         0
         1
         1
         2
         2
         1
         2
         1
         0
         0
         2
         3
         1
         1
         0
         4
         1
         2
         2
         1
         1
         1
         3
         1
         2
         1
         3
         3
         4
         3
         3
         3
         5
         3
         2
         2
         4
         6
         4
         6
         2
         9
         6
         4
         9
         5
         8
         8
         9
         8
        16
        13
        17
        15
        15
        18
        14
        22
        23
        20
        18
        22
        13
        22
        19
        27
        16
        21
        26
        28
        28
        28
        25
        28
        21
        21
        28
        21
        16
        27
        31
        27
        22
        19
        14
        29
        14
        27
        11
        15
         7
         8
        16
        10
        15
        12
         5
         6
         6
        11
        15
         8
         4
         4
         4
         4
         9
         6
         4
         6
         5
         6
         4
         0
         3
         3
         3
         3
         3
         1
         1
         4
         1
         3
         0
         1
         0
         1
         0
         0
         2
         3
         2
         0
         2
         1
         2
         0
         1
         1
         3
         2
         1
         0
         0
         1
         0
         1
         0
         2
         0
         0
         1
         1
         2
         0
         0
         0
         0
         1
         0
         2
         0
         1
         2
         0
         1
         2
         2
         0
         1
         1
         0
         0
         1
         1
         0
         1
         2
         2
         1
         1
         0
         2
         0
         1
         0
         0
         0
         0
         2
         0
         1
         0
         0
         1
         0
         1
         0
         0
         1
         0
         0
         0
         0
         2
         1
         2
         1
         1
         1
         2
         3
         0
         0
         0
         0
         2
         0
         1
         0
         0
         0
         1
         0
         1
         2
         0
         0
         1
         0
         0
         1
         0
         0
         0
         0
         0
         1
         1
         1
         1
         0
         0
         1
         0
         1
         1
         0
         0
         0
         0
         1
         2
         0
         0
         0
         0
         0
         0
         1
         2
         0
         0
         1
         0
         0
         1
         1
         2
         2
         1
         0
         0
         1
         0
         0
         0
         0
         2
         0
         0
         0
         1
         1
         0
         0
         1
         0
         2
         1
         0
         0
         0
         0
         0
         0
         0
         1
         1
         0
         0
         0
         0
         0
         0
         0
         0
         0
         0
         0
         0
         0
         0
         0
         0
         0
         0
         0
         0
         0
         0
         0
         0
         0
         0
         0
         0
         0
         0
         0
         0
         0
         0
         0
         0
         0
         0
         0
         0
         0
         0
         0
         0
         0
         0
         0
         0
         0
         0
         0
         0
         0
         0
         0
         0
         0
         0
         0
         0
         0
         0
         0
         0
         0
         0
         0
         0
         0
         0
         0
         0
         0
         0
         0
         0
         0
         0
         0
         0
         0
         0
         0
         0
         0
         0
         0
         0
         0
         0
         0
         0
         0
         0
         0
         0
         0
         0
         0
         0
         0
         0
         0
         0
         0
         0
         0
         0
         0
         0
         0
         0
         0
         0
         0
         0
         0
         0
         0
         0
         0
         0
         0
         0
         0
         0
         0
         0
         0
         0
         0
         0
         0
         0
         0
         0
         0
         0
         0
         0
         0
         0
         0
         0
         0
         0
         0
         0
         0
         0
         0
         0
         0
         0
         0
         0
         0
         0
         0
         0
         0
         0
         0
         0
         0
         0
         0
         0
         0
         0
         0
         0
         0
         0
         0
         0
         0
         0
         0
         0
         0
         0
         0
         0
         0
         0
         0
         0
         0
         0
         0
         0
         0
         0
         0
         0
         0
         0
         0
         0
         0
         0
         0
         0
         0
         0
         0
         0
         0
         0
         0
         0
         0
         0
         0
         0
         0
         0
         0
         0
         0
         0
         0
         0
         0
         0
         0
         0
         0
         0
         0
         0
         0
         0
         0
         0
         0
         0
         0
         0
         0
         0
         0
         0
         0
         0
         0
         0
         0
         0
         0
         0
         0
         0
         0
         0
         0
         0
         0
         0
         0
         0
         0
         0
         0
         0
         0
         0
         0
         0
         0
         0
         0
         0
         0
         0
         0
         0
         0
         0
         0
         0
         0
         0
         0
         0
         0
         0
         0
         0
         0
         0
         0
         0
         0
         0
         0
         0
         0
         0
         0
         0
         0
         0
         0
         0
         0
         0
         0
         0
         0
         0
         0
         0
         0
         0
         0
         0
         0
         0
         0
         0
         0
         0
         0
         0
         0
         0
         0
         0
         0
         0
         0
         0
         0
         0
         0
         0
         0
         0
         0
         0
         0
         0
         0
         0
         0
         0
         0
         0
         0
         0
         0
         0
         0
         0
         0
         0
         0
         0
         0
         0
         0
         0
         0
         0
