         0
         0
         0
         0
         0
         0
         0
         0
         0
         0
         0
         0
         0
         0
         0
         0
         0
         0
         0
         0
         0
         0
         0
         0
         0
         0
         0
         0
         0
         0
         0
         0
         0
         0
         0
         0
         0
         0
         0
         0
         0
         0
         0
         0
         0
         0
         0
         0
         0
         0
         0
         0
         0
         0
         0
         0
         0
         0
         0
         0
         0
         0
         0
         0
         0
         0
         0
         0
         0
         0
         0
         0
         0
         0
         0
         0
         0
         0
         0
         0
         0
         0
         0
         0
         0
         0
         0
         0
         0
         0
         0
         0
         0
         0
         0
         0
         0
         0
         0
         0
         0
         0
         0
         0
         0
         0
         0
         0
         0
         0
         0
         0
         0
         0
         0
         0
         0
         0
         0
         0
         0
         0
         0
         0
         0
         0
         0
         0
         0
         0
         0
         0
         0
         0
         0
         0
         0
         0
         0
         0
         0
         0
         0
         0
         0
         0
         0
         0
         0
         0
         0
         0
         0
         0
         0
         0
         0
         0
         0
         0
         0
         0
         0
         0
         0
         0
         0
         1
         0
         0
         0
         0
         0
         0
         0
         0
         0
         0
         0
         0
         0
         1
         0
         0
         0
         0
         0
         0
         1
         0
         0
         0
         0
         1
         0
         0
         0
         0
         0
         0
         0
         0
         2
         1
         0
         0
         1
         1
         0
         1
         0
         0
         0
         0
         0
         0
         0
         0
         1
         0
         0
         0
         0
         0
         1
         0
         2
         0
         0
         0
         0
         0
         0
         0
         0
         0
         1
         0
         0
         0
         2
         0
         0
         1
         0
         1
         0
         1
         1
         1
         1
         0
         0
         1
         0
         2
         1
         0
         1
         1
         1
         1
         2
         0
         2
         1
         0
         2
         0
         0
         1
         1
         1
         0
         1
         0
         0
         0
         1
         2
         0
         0
         1
         0
         1
         1
         0
         0
         0
         0
         0
         0
         0
         0
         0
         0
         0
         0
         0
         0
         0
         0
         0
         0
         1
         1
         0
         1
         1
         2
         2
         0
         1
         0
         0
         0
         1
         0
         1
         1
         0
         0
         1
         0
         0
         1
         0
         1
         0
         0
         1
         2
         0
         1
         2
         2
         0
         3
         1
         2
         1
         3
         0
         1
         0
         0
         0
         0
         1
         1
         2
         0
         0
         3
         1
         1
         0
         1
         1
         1
         0
         1
         1
         2
         1
         1
         1
         1
         2
         2
         0
         2
         0
         1
         0
         1
         0
         1
         1
         4
         5
         5
         3
         0
         2
         5
         3
         0
         1
         0
         2
         3
         2
         5
         3
         2
         4
         4
         4
         6
         4
         5
        12
         8
        11
        10
         7
         5
        12
        11
        15
        17
        11
        19
        16
        15
        10
        21
        24
        22
        23
        21
        16
        15
        24
        24
        24
        23
        24
        28
        21
        22
        25
        20
        23
        20
        18
        17
        24
        23
        27
        20
        21
        22
        19
        21
        23
        18
        10
         7
        10
        13
        14
        12
        10
        10
         6
        10
         8
         7
         9
         9
         6
        10
         7
         7
         5
        11
        10
         7
         7
         5
         6
         4
         2
         6
         8
         4
         4
         4
         0
         2
         6
         3
         2
         1
         6
         3
         0
         0
         2
         3
         1
         2
         0
         0
         2
         2
         2
         0
         1
         2
         2
         1
         0
         2
         1
         0
         2
         2
         1
         1
         1
         1
         1
         1
         0
         2
         2
         2
         0
         1
         0
         0
         0
         1
         0
         0
         3
         0
         0
         1
         3
         0
         4
         1
         1
         1
         1
         1
         0
         1
         0
         2
         0
         0
         1
         0
         2
         2
         0
         2
         2
         1
         1
         0
         0
         1
         0
         0
         1
         3
         0
         0
         0
         0
         0
         3
         1
         0
         2
         0
         0
         1
         1
         1
         0
         0
         0
         1
         0
         0
         1
         2
         0
         1
         0
         0
         0
         1
         1
         1
         0
         0
         0
         1
         0
         2
         0
         0
         1
         1
         0
         2
         1
         0
         1
         2
         0
         1
         1
         0
         1
         0
         1
         0
         0
         1
         1
         0
         2
         1
         1
         0
         2
         0
         1
         0
         0
         0
         1
         1
         0
         0
         0
         0
         1
         1
         1
         1
         0
         0
         0
         1
         0
         0
         0
         0
         1
         0
         0
         0
         0
         0
         1
         0
         0
         1
         0
         0
         0
         0
         0
         0
         0
         1
         0
         0
         0
         0
         0
         0
         0
         0
         0
         0
         0
         0
         0
         0
         0
         0
         0
         0
         0
         0
         0
         0
         0
         0
         0
         0
         0
         0
         0
         0
         0
         0
         0
         0
         0
         0
         0
         0
         0
         0
         0
         0
         0
         0
         0
         0
         0
         0
         0
         0
         0
         0
         0
         0
         0
         0
         0
         0
         0
         0
         0
         0
         0
         0
         0
         0
         0
         0
         0
         0
         0
         0
         0
         0
         0
         0
         0
         0
         0
         0
         0
         0
         0
         0
         0
         0
         0
         0
         0
         0
         0
         0
         0
         0
         0
         0
         0
         0
         0
         0
         0
         0
         0
         0
         0
         0
         0
         0
         0
         0
         0
         0
         0
         0
         0
         0
         0
         0
         0
         0
         0
         0
         0
         0
         0
         0
         0
         0
         0
         0
         0
         0
         0
         0
         0
         0
         0
         0
         0
         0
         0
         0
         0
         0
         0
         0
         0
         0
         0
         0
         0
         0
         0
         0
         0
         0
         0
         0
         0
         0
         0
         0
         0
         0
         0
         0
         0
         0
         0
         0
         0
         0
         0
         0
         0
         0
         0
         0
         0
         0
         0
         0
         0
         0
         0
         0
         0
         0
         0
         0
         0
         0
         0
         0
         0
         0
         0
         0
         0
         0
         0
         0
         0
         0
         0
         0
         0
         0
         0
         0
         0
         0
         0
         0
         0
         0
         0
         0
         0
         0
         0
         0
         0
         0
         0
         0
         0
         0
         0
         0
         0
         0
         0
         0
         0
         0
         0
         0
         0
         0
         0
         0
         0
         0
         0
         0
         0
         0
         0
         0
         0
         0
         0
         0
         0
         0
         0
         0
         0
         0
         0
         0
         0
         0
         0
         0
         0
         0
         0
         0
         0
         0
         0
         0
         0
         0
         0
         0
         0
         0
         0
         0
         0
         0
         0
         0
         0
         0
         0
         0
         0
         0
         0
         0
         0
         0
         0
         0
         0
         0
         0
         0
         0
         0
         0
         0
         0
         0
         0
         0
         0
         0
         0
         0
         0
         0
         0
         0
         0
         0
         0
         0
         0
         0
         0
         0
         0
         0
         0
         0
         0
         0
         0
         0
         0
         0
         0
         0
         0
         0
         0
         0
         0
         0
         0
         0
         0
         0
         0
         0
         0
         0
         0
         0
         0
         0
         0
         0
