         0
         0
         0
         0
         0
         0
         0
         0
         0
         0
         0
         0
         0
         0
         0
         0
         0
         0
         0
         0
         0
         0
         0
         0
         0
         0
         0
         0
         0
         0
         0
         0
         0
         0
         0
         0
         0
         0
         0
         0
         0
         0
         0
         0
         0
         0
         0
         0
         0
         0
         0
         0
         0
         0
         0
         0
         0
         0
         0
         0
         0
         0
         0
         0
         0
         0
         0
         0
         0
         0
         0
         0
         0
         0
         0
         0
         0
         0
         0
         0
         0
         0
         0
         0
         0
         0
         0
         0
         0
         0
         0
         0
         0
         0
         0
         0
         0
         0
         0
         0
         0
         0
         0
         0
         0
         0
         0
         0
         0
         0
         0
         0
         0
         0
         0
         0
         0
         0
         0
         0
         0
         0
         0
         0
         0
         0
         0
         0
         0
         0
         0
         0
         0
         0
         0
         0
         0
         0
         0
         0
         0
         0
         0
         0
         0
         0
         0
         0
         0
         0
         0
         0
         0
         0
         0
         0
         0
         0
         0
         0
         0
         0
         0
         0
         0
         0
         0
         0
         0
         0
         0
         0
         0
         1
         0
         0
         0
         1
         0
         0
         2
         0
         0
         0
         1
         0
         0
         0
         0
         0
         0
         0
         1
         0
         0
         0
         0
         1
         0
         1
         0
         1
         1
         1
         1
         0
         0
         2
         0
         0
         1
         1
         0
         0
         2
         1
         0
         0
         0
         0
         2
         1
         0
         2
         1
         1
         4
         0
         0
         0
         0
         2
         1
         0
         0
         1
         1
         1
         1
         0
         1
         1
         0
         0
         0
         2
         0
         1
         3
         1
         0
         0
         1
         0
         0
         1
         0
         0
         2
         0
         1
         0
         1
         0
         1
         0
         0
         1
         0
         0
         2
         2
         1
         0
         0
         0
         0
         0
         0
         1
         2
         2
         0
         0
         1
         1
         0
         0
         0
         1
         1
         2
         1
         0
         1
         0
         0
         0
         1
         0
         1
         1
         1
         1
         0
         1
         1
         0
         0
         0
         2
         0
         0
         1
         0
         2
         1
         2
         0
         0
         0
         1
         1
         0
         0
         1
         1
         1
         1
         1
         0
         0
         1
         2
         1
         0
         0
         1
         0
         1
         0
         1
         1
         1
         0
         4
         1
         1
         1
         1
         1
         2
         1
         1
         2
         2
         0
         0
         1
         0
         1
         2
         2
         1
         2
         2
         1
         0
         0
         0
         1
         2
         1
         2
         0
         0
         3
         3
         1
         0
         4
         2
         4
         1
         2
         2
         5
         3
         4
         4
         2
         3
         1
         1
         5
         6
         3
         0
         7
         5
         7
         4
         6
         4
        11
        10
         8
         6
        11
        10
        16
        12
        14
        10
        10
         8
        12
        11
        15
        12
        12
        19
        14
        23
        25
        19
        21
        24
        18
        12
        21
        21
        13
        22
        17
        19
        25
        31
        21
        17
        13
        21
        16
        21
        20
        17
        13
        12
        11
        19
        12
        10
        16
        10
        15
        11
        15
        10
         8
        14
         8
         7
         5
         4
         4
         4
         3
         6
         2
         6
        11
         8
         5
         3
         5
         7
         6
         4
         3
         2
         2
         2
         1
         6
         2
         4
         6
         1
         2
         1
         2
         1
         3
         0
         2
         2
         2
         2
         2
         2
         3
         1
         1
         0
         2
         2
         2
         0
         2
         0
         1
         2
         1
         1
         1
         0
         1
         1
         0
         2
         2
         1
         1
         1
         1
         0
         0
         0
         4
         1
         0
         1
         0
         1
         0
         0
         1
         1
         0
         0
         2
         1
         0
         1
         2
         2
         1
         0
         1
         1
         0
         2
         3
         1
         0
         0
         0
         1
         1
         1
         0
         0
         1
         0
         0
         0
         1
         0
         2
         1
         1
         0
         0
         2
         1
         0
         0
         2
         1
         0
         0
         0
         0
         0
         0
         0
         0
         0
         0
         1
         0
         1
         1
         0
         0
         0
         0
         0
         0
         0
         1
         0
         1
         0
         0
         0
         0
         0
         0
         2
         2
         0
         1
         1
         0
         2
         1
         0
         1
         1
         0
         1
         1
         1
         0
         1
         0
         0
         0
         1
         0
         0
         0
         0
         0
         0
         1
         0
         0
         0
         0
         1
         2
         1
         0
         0
         1
         1
         0
         1
         0
         1
         0
         0
         0
         0
         0
         0
         0
         1
         0
         0
         0
         0
         0
         0
         0
         0
         0
         0
         0
         0
         0
         0
         0
         0
         0
         0
         0
         0
         0
         0
         0
         0
         0
         0
         0
         0
         0
         0
         0
         0
         0
         0
         0
         0
         0
         0
         0
         0
         0
         0
         0
         0
         0
         0
         0
         0
         0
         0
         0
         0
         0
         0
         0
         0
         0
         0
         0
         0
         0
         0
         0
         0
         0
         0
         0
         0
         0
         0
         0
         0
         0
         0
         0
         0
         0
         0
         0
         0
         0
         0
         0
         0
         0
         0
         0
         0
         0
         0
         0
         0
         0
         0
         0
         0
         0
         0
         0
         0
         0
         0
         0
         0
         0
         0
         0
         0
         0
         0
         0
         0
         0
         0
         0
         0
         0
         0
         0
         0
         0
         0
         0
         0
         0
         0
         0
         0
         0
         0
         0
         0
         0
         0
         0
         0
         0
         0
         0
         0
         0
         0
         0
         0
         0
         0
         0
         0
         0
         0
         0
         0
         0
         0
         0
         0
         0
         0
         0
         0
         0
         0
         0
         0
         0
         0
         0
         0
         0
         0
         0
         0
         0
         0
         0
         0
         0
         0
         0
         0
         0
         0
         0
         0
         0
         0
         0
         0
         0
         0
         0
         0
         0
         0
         0
         0
         0
         0
         0
         0
         0
         0
         0
         0
         0
         0
         0
         0
         0
         0
         0
         0
         0
         0
         0
         0
         0
         0
         0
         0
         0
         0
         0
         0
         0
         0
         0
         0
         0
         0
         0
         0
         0
         0
         0
         0
         0
         0
         0
         0
         0
         0
         0
         0
         0
         0
         0
         0
         0
         0
         0
         0
         0
         0
         0
         0
         0
         0
         0
         0
         0
         0
         0
         0
         0
         0
         0
         0
         0
         0
         0
         0
         0
         0
         0
         0
         0
         0
         0
         0
         0
         0
         0
         0
         0
         0
         0
         0
         0
         0
         0
         0
         0
         0
         0
         0
         0
         0
         0
         0
         0
         0
         0
         0
         0
         0
         0
         0
         0
         0
         0
         0
         0
         0
         0
         0
         0
         0
         0
         0
         0
         0
         0
         0
         0
         0
         0
         0
         0
         0
         0
         0
         0
         0
         0
         0
         0
         0
         0
         0
         0
         0
         0
         0
         0
         0
         0
         0
         0
         0
         0
         0
         0
         0
         0
         0
         0
         0
         0
         0
         0
         0
         0
         0
