         0
         0
         0
         0
         0
         0
         0
         0
         0
         0
         0
         0
         0
         0
         0
         0
         0
         0
         0
         0
         0
         0
         0
         0
         0
         0
         0
         0
         0
         0
         0
         0
         0
         0
         0
         0
         0
         0
         0
         0
         0
         0
         0
         0
         0
         0
         0
         0
         0
         0
         0
         0
         0
         0
         0
         0
         0
         0
         0
         0
         0
         0
         0
         0
         0
         0
         0
         0
         0
         0
         0
         0
         0
         0
         0
         0
         0
         0
         0
         0
         0
         0
         0
         0
         0
         0
         0
         0
         0
         0
         0
         0
         0
         0
         0
         0
         0
         0
         0
         0
         0
         0
         0
         0
         0
         0
         0
         0
         0
         0
         0
         0
         0
         0
         0
         0
         0
         0
         0
         0
         0
         0
         0
         0
         0
         0
         0
         0
         0
         0
         0
         0
         0
         0
         0
         0
         0
         0
         0
         0
         0
         0
         0
         0
         0
         0
         0
         0
         0
         0
         0
         0
         0
         0
         0
         0
         0
         0
         0
         0
         0
         0
         0
         0
         0
         0
         0
         0
         0
         0
         0
         0
         0
         0
         0
         0
         0
         0
         0
         0
         1
         0
         0
         0
         0
         1
         1
         0
         0
         1
         0
         1
         0
         1
         2
         0
         0
         0
         0
         1
         1
         0
         1
         0
         1
         1
         0
         0
         1
         0
         2
         0
         0
         0
         0
         0
         0
         1
         1
         0
         0
         1
         0
         2
         0
         0
         0
         0
         0
         0
         1
         0
         0
         1
         0
         0
         2
         2
         2
         0
         0
         1
         2
         0
         1
         0
         0
         0
         1
         0
         1
         0
         0
         1
         1
         0
         0
         0
         1
         1
         0
         2
         1
         1
         1
         0
         0
         0
         0
         2
         0
         0
         1
         0
         0
         2
         0
         0
         1
         1
         0
         1
         1
         0
         1
         2
         0
         1
         0
         0
         0
         2
         1
         1
         0
         2
         0
         1
         0
         1
         0
         0
         0
         0
         0
         3
         1
         1
         0
         2
         5
         4
         0
         0
         0
         2
         1
         1
         1
         1
         0
         0
         1
         0
         1
         1
         0
         1
         1
         2
         0
         0
         1
         1
         0
         1
         1
         2
         1
         1
         0
         1
         3
         0
         3
         0
         1
         1
         0
         0
         3
         2
         3
         2
         6
         2
         2
         1
         0
         1
         2
         1
         1
         1
         1
         2
         3
         1
         1
         2
         1
         2
         3
         1
         4
         0
         3
         1
         0
         1
         3
         1
         3
         1
         4
         3
         3
         3
         3
         5
         3
         5
         5
         1
         4
         4
         6
         4
         5
         6
         1
         3
         3
         6
        10
         6
        10
        10
         8
        11
        13
        10
         8
         8
         6
        10
        11
        14
        10
        12
        19
        11
        11
        10
        15
        22
        15
        11
        12
        14
        14
        18
        24
        14
        16
        19
        20
        24
        23
        16
        20
        15
        21
        16
        20
        19
        22
        18
        19
        15
        15
        14
        16
         8
         9
        13
        16
        12
        14
        15
         9
        10
        14
         3
         6
        15
        13
         7
         4
         6
         6
         8
         3
         6
         4
         5
         4
         6
         4
         3
         6
         1
         4
         2
         3
         1
         3
         4
         3
         3
         2
         0
         3
         1
         3
         1
         4
         2
         1
         4
         2
         4
         1
         4
         1
         2
         3
         1
         3
         0
         2
         1
         2
         2
         1
         2
         0
         0
         1
         2
         1
         2
         1
         2
         1
         1
         0
         2
         1
         0
         0
         0
         1
         2
         2
         1
         1
         0
         3
         1
         1
         1
         0
         1
         1
         3
         1
         0
         0
         0
         0
         0
         2
         0
         2
         1
         1
         1
         1
         2
         0
         2
         0
         0
         1
         1
         1
         0
         2
         0
         0
         3
         1
         0
         2
         0
         0
         0
         0
         0
         0
         1
         0
         0
         0
         0
         1
         0
         2
         0
         0
         0
         1
         3
         0
         2
         0
         1
         0
         3
         0
         0
         0
         1
         2
         0
         0
         1
         1
         0
         0
         0
         1
         0
         0
         0
         0
         1
         0
         0
         2
         0
         0
         0
         0
         0
         2
         0
         1
         0
         2
         2
         1
         1
         0
         0
         0
         0
         1
         1
         0
         0
         0
         0
         1
         0
         1
         1
         1
         0
         0
         0
         0
         0
         0
         0
         0
         1
         0
         0
         0
         0
         1
         0
         0
         0
         0
         0
         0
         0
         0
         0
         0
         0
         0
         0
         0
         0
         0
         0
         0
         0
         0
         0
         0
         0
         0
         0
         0
         0
         0
         0
         0
         0
         0
         0
         0
         0
         0
         0
         0
         0
         0
         0
         0
         0
         0
         0
         0
         0
         0
         0
         0
         0
         0
         0
         0
         0
         0
         0
         0
         0
         0
         0
         0
         0
         0
         0
         0
         0
         0
         0
         0
         0
         0
         0
         0
         0
         0
         0
         0
         0
         0
         0
         0
         0
         0
         0
         0
         0
         0
         0
         0
         0
         0
         0
         0
         0
         0
         0
         0
         0
         0
         0
         0
         0
         0
         0
         0
         0
         0
         0
         0
         0
         0
         0
         0
         0
         0
         0
         0
         0
         0
         0
         0
         0
         0
         0
         0
         0
         0
         0
         0
         0
         0
         0
         0
         0
         0
         0
         0
         0
         0
         0
         0
         0
         0
         0
         0
         0
         0
         0
         0
         0
         0
         0
         0
         0
         0
         0
         0
         0
         0
         0
         0
         0
         0
         0
         0
         0
         0
         0
         0
         0
         0
         0
         0
         0
         0
         0
         0
         0
         0
         0
         0
         0
         0
         0
         0
         0
         0
         0
         0
         0
         0
         0
         0
         0
         0
         0
         0
         0
         0
         0
         0
         0
         0
         0
         0
         0
         0
         0
         0
         0
         0
         0
         0
         0
         0
         0
         0
         0
         0
         0
         0
         0
         0
         0
         0
         0
         0
         0
         0
         0
         0
         0
         0
         0
         0
         0
         0
         0
         0
         0
         0
         0
         0
         0
         0
         0
         0
         0
         0
         0
         0
         0
         0
         0
         0
         0
         0
         0
         0
         0
         0
         0
         0
         0
         0
         0
         0
         0
         0
         0
         0
         0
         0
         0
         0
         0
         0
         0
         0
         0
         0
         0
         0
         0
         0
         0
         0
         0
         0
         0
         0
         0
         0
         0
         0
         0
         0
         0
         0
         0
         0
         0
         0
         0
         0
         0
         0
         0
         0
         0
         0
         0
         0
         0
         0
         0
         0
         0
         0
         0
         0
         0
         0
         0
         0
         0
         0
         0
         0
         0
         0
         0
         0
         0
         0
         0
         0
         0
         0
         0
         0
         0
         0
         0
         0
         0
         0
         0
         0
         0
         0
         0
         0
         0
         0
         0
         0
         0
         0
         0
