         0
         0
         0
         0
         0
         0
         0
         0
         0
         0
         0
         0
         0
         0
         0
         0
         0
         0
         0
         0
         0
         0
         0
         0
         0
         0
         0
         0
         0
         0
         0
         0
         0
         0
         0
         0
         0
         0
         0
         0
         0
         0
         0
         0
         0
         0
         0
         0
         0
         0
         0
         0
         0
         0
         0
         0
         0
         0
         0
         0
         0
         0
         0
         0
         0
         0
         0
         0
         0
         0
         0
         0
         0
         0
         0
         0
         0
         0
         0
         0
         0
         0
         0
         0
         0
         0
         0
         0
         0
         0
         0
         0
         0
         0
         0
         0
         0
         0
         0
         0
         0
         0
         0
         0
         0
         0
         0
         0
         0
         0
         0
         0
         0
         0
         0
         0
         0
         0
         0
         0
         0
         0
         0
         0
         0
         0
         0
         0
         0
         0
         0
         0
         0
         0
         0
         0
         0
         0
         0
         0
         0
         0
         0
         0
         0
         0
         0
         0
         0
         0
         0
         0
         0
         0
         0
         0
         0
         0
         0
         0
         0
         0
         0
         0
         0
         0
         0
         0
         0
         0
         0
         0
         0
         1
         0
         0
         0
         0
         0
         2
         0
         1
         0
         0
         0
         0
         0
         0
         1
         1
         0
         0
         1
         0
         0
         0
         0
         0
         0
         2
         0
         1
         0
         1
         0
         0
         1
         1
         0
         2
         0
         1
         1
         2
         0
         0
         0
         0
         2
         0
         1
         1
         1
         1
         2
         1
         2
         0
         0
         0
         0
         0
         0
         3
         0
         0
         2
         0
         0
         0
         1
         1
         1
         1
         0
         0
         0
         0
         1
         0
         0
         0
         1
         1
         0
         0
         2
         2
         2
         1
         1
         0
         1
         0
         1
         1
         0
         0
         1
         1
         0
         2
         1
         0
         0
         1
         1
         2
         1
         0
         1
         1
         2
         1
         1
         0
         0
         1
         1
         1
         0
         0
         0
         0
         2
         0
         1
         0
         0
         0
         1
         0
         0
         0
         1
         2
         0
         1
         2
         0
         0
         1
         1
         1
         0
         0
         0
         0
         0
         1
         1
         0
         0
         2
         0
         0
         0
         1
         0
         1
         2
         0
         1
         2
         1
         0
         2
         1
         0
         1
         2
         0
         0
         1
         0
         2
         1
         1
         2
         3
         1
         1
         2
         3
         1
         0
         3
         2
         0
         0
         1
         1
         0
         3
         0
         0
         2
         2
         2
         1
         0
         4
         2
         2
         2
         4
         1
         2
         2
         2
         6
         2
         2
         2
         0
         4
         2
         1
         2
         3
         2
         6
         4
         4
         5
         8
         6
         4
         4
         5
         2
         2
         3
         4
         3
         1
         4
         8
         3
         6
         8
         9
         4
         8
         8
         9
         5
        10
         5
        10
         3
         6
        15
        12
        11
        18
        12
        10
        10
        11
        12
        14
        13
        12
        18
        15
        12
        14
        15
        21
        18
        11
        19
        19
        19
        10
         6
        17
        14
        20
        17
        14
        19
        12
        22
        10
         9
         6
        10
        15
        11
        13
        14
         9
         6
         7
         9
        11
         3
         6
         4
         7
         4
         6
         3
         7
        10
         6
         3
         7
         1
         4
         3
         1
         3
         2
         2
         7
         4
         2
         4
         2
         4
         4
         2
         3
         2
         5
         2
         3
         1
         5
         1
         2
         2
         1
         4
         4
         3
         1
         1
         1
         0
         4
         3
         4
         4
         0
         2
         1
         1
         1
         1
         1
         2
         2
         0
         1
         2
         2
         0
         2
         2
         2
         1
         1
         2
         1
         1
         1
         2
         2
         0
         1
         1
         2
         0
         0
         0
         0
         1
         3
         0
         1
         0
         4
         2
         0
         0
         3
         0
         1
         2
         1
         0
         1
         2
         1
         0
         0
         0
         1
         0
         0
         5
         2
         1
         0
         1
         2
         0
         0
         0
         0
         1
         3
         3
         0
         0
         0
         1
         1
         0
         2
         2
         2
         2
         0
         2
         0
         3
         1
         0
         0
         1
         0
         0
         0
         0
         1
         1
         0
         0
         2
         1
         0
         0
         2
         1
         1
         0
         0
         2
         0
         0
         0
         1
         1
         0
         0
         0
         1
         0
         1
         1
         0
         0
         0
         1
         1
         0
         0
         0
         1
         0
         0
         0
         1
         1
         0
         0
         0
         0
         1
         0
         0
         0
         1
         1
         0
         0
         0
         0
         0
         0
         0
         0
         0
         0
         0
         0
         0
         0
         0
         0
         0
         0
         0
         0
         0
         0
         0
         0
         0
         0
         0
         0
         0
         0
         0
         0
         0
         0
         0
         0
         0
         0
         0
         0
         0
         0
         0
         0
         0
         0
         0
         0
         0
         0
         0
         0
         0
         0
         0
         0
         0
         0
         0
         0
         0
         0
         0
         0
         0
         0
         0
         0
         0
         0
         0
         0
         0
         0
         0
         0
         0
         0
         0
         0
         0
         0
         0
         0
         0
         0
         0
         0
         0
         0
         0
         0
         0
         0
         0
         0
         0
         0
         0
         0
         0
         0
         0
         0
         0
         0
         0
         0
         0
         0
         0
         0
         0
         0
         0
         0
         0
         0
         0
         0
         0
         0
         0
         0
         0
         0
         0
         0
         0
         0
         0
         0
         0
         0
         0
         0
         0
         0
         0
         0
         0
         0
         0
         0
         0
         0
         0
         0
         0
         0
         0
         0
         0
         0
         0
         0
         0
         0
         0
         0
         0
         0
         0
         0
         0
         0
         0
         0
         0
         0
         0
         0
         0
         0
         0
         0
         0
         0
         0
         0
         0
         0
         0
         0
         0
         0
         0
         0
         0
         0
         0
         0
         0
         0
         0
         0
         0
         0
         0
         0
         0
         0
         0
         0
         0
         0
         0
         0
         0
         0
         0
         0
         0
         0
         0
         0
         0
         0
         0
         0
         0
         0
         0
         0
         0
         0
         0
         0
         0
         0
         0
         0
         0
         0
         0
         0
         0
         0
         0
         0
         0
         0
         0
         0
         0
         0
         0
         0
         0
         0
         0
         0
         0
         0
         0
         0
         0
         0
         0
         0
         0
         0
         0
         0
         0
         0
         0
         0
         0
         0
         0
         0
         0
         0
         0
         0
         0
         0
         0
         0
         0
         0
         0
         0
         0
         0
         0
         0
         0
         0
         0
         0
         0
         0
         0
         0
         0
         0
         0
         0
         0
         0
         0
         0
         0
         0
         0
         0
         0
         0
         0
         0
         0
         0
         0
         0
         0
         0
         0
         0
         0
         0
         0
         0
         0
         0
         0
         0
         0
         0
         0
         0
         0
         0
         0
         0
         0
         0
         0
         0
         0
         0
         0
         0
         0
         0
         0
         0
         0
         0
         0
         0
         0
         0
         0
         0
         0
         0
         0
         0
         0
         0
         0
         0
         0
