         0
         0
         0
         0
         0
         0
         0
         0
         0
         0
         0
         0
         0
         0
         0
         0
         0
         0
         0
         0
         0
         0
         0
         0
         0
         0
         0
         0
         0
         0
         0
         0
         0
         0
         0
         0
         0
         0
         0
         0
         0
         0
         0
         0
         0
         0
         0
         0
         0
         0
         0
         0
         0
         0
         0
         0
         0
         0
         0
         0
         0
         0
         0
         0
         0
         0
         0
         0
         0
         0
         0
         0
         0
         0
         0
         0
         0
         0
         0
         0
         0
         0
         0
         0
         0
         0
         0
         0
         0
         0
         0
         0
         0
         0
         0
         0
         0
         0
         0
         0
         0
         0
         0
         0
         0
         0
         0
         0
         0
         0
         0
         0
         0
         0
         0
         0
         0
         0
         0
         0
         0
         0
         0
         0
         0
         0
         0
         0
         0
         0
         0
         0
         0
         0
         0
         0
         0
         0
         0
         0
         0
         0
         0
         0
         0
         0
         0
         0
         0
         0
         0
         0
         0
         0
         0
         0
         0
         0
         0
         0
         0
         0
         0
         0
         1
         1
         0
         0
         0
         0
         0
         0
         1
         0
         1
         0
         0
         0
         0
         0
         0
         0
         0
         1
         0
         0
         1
         0
         0
         1
         0
         0
         2
         2
         0
         1
         0
         0
         0
         0
         1
         0
         1
         1
         0
         0
         0
         0
         0
         0
         0
         1
         0
         0
         0
         1
         0
         0
         0
         0
         2
         1
         1
         0
         0
         0
         0
         0
         0
         0
         2
         0
         1
         0
         2
         1
         0
         1
         0
         0
         0
         0
         2
         1
         1
         1
         0
         2
         3
         0
         0
         2
         1
         0
         0
         1
         0
         2
         2
         1
         0
         1
         0
         0
         0
         0
         0
         2
         1
         0
         1
         0
         0
         0
         0
         0
         0
         0
         0
         1
         0
         1
         0
         1
         0
         1
         0
         2
         1
         0
         1
         1
         0
         2
         0
         0
         1
         0
         0
         1
         0
         3
         3
         0
         0
         0
         2
         0
         0
         0
         1
         1
         2
         1
         1
         0
         0
         1
         0
         2
         1
         1
         1
         0
         1
         0
         2
         0
         0
         0
         0
         1
         0
         0
         1
         1
         1
         2
         2
         1
         1
         3
         0
         3
         1
         1
         2
         2
         1
         0
         0
         1
         1
         1
         0
         0
         2
         2
         3
         1
         0
         1
         2
         0
         0
         1
         3
         0
         2
         0
         1
         2
         2
         1
         2
         1
         0
         5
         1
         2
         1
         0
         0
         2
         0
         4
         1
         0
         2
         4
         2
         4
         0
         1
         3
         4
         1
         4
         2
         0
         3
         3
         4
         4
         2
         2
         6
         3
         6
         2
         4
         6
         4
         2
         4
         7
         4
         2
         5
         6
         7
         8
         4
         8
         7
        11
         8
        12
        13
         5
         3
         7
         8
         4
        11
        10
         6
        12
        12
        14
        10
        20
         8
        13
        13
        19
         9
         9
        12
        13
        12
         9
         7
        17
        13
        18
        11
         9
         6
         7
        14
         9
        10
        17
         8
         8
         9
         9
         4
         8
         2
         3
         9
         6
         4
        15
         9
         8
         7
         5
         5
        11
         4
         2
         4
         6
         6
         3
         2
         5
         4
         9
         3
         6
         4
         5
         2
         3
         2
         4
         3
         3
         5
         6
         3
         3
         1
         3
         1
         3
         3
         2
         3
         3
         1
         3
         1
         6
         2
         2
         1
         3
         0
         1
         2
         3
         2
         2
         0
         1
         2
         3
         3
         2
         2
         4
         5
         1
         2
         0
         0
         0
         1
         0
         2
         1
         0
         0
         2
         1
         0
         2
         1
         2
         2
         0
         0
         3
         2
         4
         4
         1
         1
         2
         1
         3
         2
         1
         0
         2
         1
         3
         3
         0
         1
         1
         1
         3
         3
         1
         3
         0
         2
         3
         2
         3
         2
         4
         0
         1
         1
         0
         1
         1
         1
         0
         1
         0
         0
         0
         0
         1
         2
         1
         3
         0
         0
         0
         1
         2
         0
         3
         1
         0
         0
         0
         0
         0
         2
         2
         0
         1
         0
         3
         1
         0
         1
         0
         1
         0
         0
         3
         1
         0
         1
         2
         2
         0
         2
         0
         1
         0
         0
         1
         0
         0
         2
         0
         1
         0
         0
         0
         2
         1
         0
         0
         0
         0
         0
         0
         0
         1
         0
         0
         0
         0
         0
         0
         0
         0
         0
         0
         0
         0
         0
         0
         0
         0
         0
         0
         0
         0
         0
         0
         0
         0
         0
         0
         0
         0
         0
         0
         0
         0
         0
         0
         0
         0
         0
         0
         0
         0
         0
         0
         0
         0
         0
         0
         0
         0
         0
         0
         0
         0
         0
         0
         0
         0
         0
         0
         0
         0
         0
         0
         0
         0
         0
         0
         0
         0
         0
         0
         0
         0
         0
         0
         0
         0
         0
         0
         0
         0
         0
         0
         0
         0
         0
         0
         0
         0
         0
         0
         0
         0
         0
         0
         0
         0
         0
         0
         0
         0
         0
         0
         0
         0
         0
         0
         0
         0
         0
         0
         0
         0
         0
         0
         0
         0
         0
         0
         0
         0
         0
         0
         0
         0
         0
         0
         0
         0
         0
         0
         0
         0
         0
         0
         0
         0
         0
         0
         0
         0
         0
         0
         0
         0
         0
         0
         0
         0
         0
         0
         0
         0
         0
         0
         0
         0
         0
         0
         0
         0
         0
         0
         0
         0
         0
         0
         0
         0
         0
         0
         0
         0
         0
         0
         0
         0
         0
         0
         0
         0
         0
         0
         0
         0
         0
         0
         0
         0
         0
         0
         0
         0
         0
         0
         0
         0
         0
         0
         0
         0
         0
         0
         0
         0
         0
         0
         0
         0
         0
         0
         0
         0
         0
         0
         0
         0
         0
         0
         0
         0
         0
         0
         0
         0
         0
         0
         0
         0
         0
         0
         0
         0
         0
         0
         0
         0
         0
         0
         0
         0
         0
         0
         0
         0
         0
         0
         0
         0
         0
         0
         0
         0
         0
         0
         0
         0
         0
         0
         0
         0
         0
         0
         0
         0
         0
         0
         0
         0
         0
         0
         0
         0
         0
         0
         0
         0
         0
         0
         0
         0
         0
         0
         0
         0
         0
         0
         0
         0
         0
         0
         0
         0
         0
         0
         0
         0
         0
         0
         0
         0
         0
         0
         0
         0
         0
         0
         0
         0
         0
         0
         0
         0
         0
         0
         0
         0
         0
         0
         0
         0
         0
         0
         0
         0
         0
         0
         0
         0
         0
         0
         0
         0
         0
         0
         0
         0
         0
         0
         0
         0
         0
         0
         0
         0
         0
         0
         0
         0
         0
         0
         0
         0
         0
         0
         0
         0
         0
         0
         0
         0
         0
         0
