         0
         0
         0
         0
         0
         0
         0
         0
         0
         0
         0
         0
         0
         0
         0
         0
         0
         0
         0
         0
         0
         0
         0
         0
         0
         0
         0
         0
         0
         0
         0
         0
         0
         0
         0
         0
         0
         0
         0
         0
         0
         0
         0
         0
         0
         0
         0
         0
         0
         0
         0
         0
         0
         0
         0
         0
         0
         0
         0
         0
         0
         0
         0
         0
         0
         0
         0
         0
         0
         0
         0
         0
         0
         0
         0
         0
         0
         0
         0
         0
         0
         0
         0
         0
         0
         0
         0
         0
         0
         0
         0
         0
         0
         0
         0
         0
         0
         0
         0
         0
         0
         0
         0
         0
         0
         0
         0
         0
         0
         0
         0
         0
         0
         0
         0
         0
         0
         0
         0
         0
         0
         0
         0
         0
         0
         0
         0
         0
         0
         0
         0
         0
         0
         0
         0
         0
         0
         0
         0
         0
         0
         0
         0
         0
         0
         0
         0
         0
         0
         0
         0
         0
         0
         0
         0
         0
         0
         0
         0
         0
         0
         0
         0
         0
         0
         0
         0
         0
         2
         0
         2
         0
         0
         1
         1
         6
         0
         1
         4
         1
         1
         2
         3
         1
         0
         3
         4
         6
         3
         3
         3
         4
         3
         4
         5
         2
         2
         4
         3
         3
         1
         3
         2
         2
         4
         4
         4
         3
         8
         5
         1
         7
         3
         7
         4
         1
         2
         3
         1
         3
         1
         2
         3
         6
         3
         3
         1
         5
         3
         4
         3
         4
         4
         2
         5
         7
         8
         3
         5
         1
         5
         5
         2
         3
         2
         0
         4
         2
         6
         6
         6
         3
         5
         2
         8
         2
         1
         6
         8
         4
         2
         5
         2
         1
         7
         6
         2
         5
         3
         1
         1
         3
         4
         4
         8
         3
         5
         6
         8
         6
         7
         7
         2
         2
         4
         3
         1
         5
         4
         6
         4
         4
         9
         2
         1
         6
         4
         5
         2
         4
         8
         2
         5
         3
         5
         8
         8
         5
         2
        12
         4
         3
         9
         8
         8
         8
         7
         9
         9
         6
         9
        10
         5
         9
        12
        10
        15
         5
        14
        14
        10
        13
        20
        26
        18
        19
        17
        15
        15
        21
        17
        19
        17
        27
        20
        15
        15
        20
        19
        27
        28
        28
        21
        20
        30
        20
        28
        27
        24
        23
        32
        34
        27
        24
        26
        26
        29
        25
        32
        23
        16
        25
        16
        22
        17
        20
        23
        20
        21
        19
        18
        25
        15
        23
        22
        21
        10
        16
        12
        14
        10
        19
        17
        15
        14
        13
        14
         5
        11
        10
         9
        10
         9
         6
         2
         8
         5
         9
         9
         8
        11
        12
         6
         1
         2
         1
         6
         5
         8
         4
         8
         5
         2
         4
         2
         5
         6
         6
         7
         2
         6
         4
         1
         5
         3
         4
         3
         5
         6
         9
         1
         4
         2
         5
         3
         2
         2
         6
         2
         3
         6
         5
         8
         4
         4
         4
         5
         9
         6
         5
         9
         5
         3
         3
         3
         4
         4
         4
         3
         5
         5
         3
         8
         4
         7
         3
         4
         2
         3
         6
         5
         3
         4
         7
         3
         5
         5
         2
         2
         6
         3
         3
         6
         6
         3
         4
         5
         4
         4
         4
         3
         5
         0
         6
         4
         5
         1
         5
         5
         2
         3
         2
         5
         1
         4
         3
         2
         3
         3
         6
         4
         3
         4
         1
         6
         5
         6
         6
         4
         2
         4
         4
         6
         3
         4
         3
         9
         1
         1
         5
         6
         5
         3
         4
         3
         5
         5
         1
         2
         3
         4
         3
         2
         3
         3
         5
         5
         3
         3
         1
         2
         8
         0
        10
         2
         4
         0
         2
         4
         1
         5
         1
         6
         4
         6
         2
         2
         5
         1
         1
         6
         3
         7
         3
         6
         4
         3
         4
         3
         4
         4
         7
         1
         7
         4
         4
         5
         5
         8
         3
         2
         2
         2
         5
         2
         2
         6
         3
         5
         4
         0
         0
         3
         2
         2
         5
         2
         2
         7
         2
         4
         2
         3
         5
         3
         0
         6
         5
         6
         2
         3
         3
         0
         4
         2
         6
         2
         3
         2
         3
         3
         1
         4
         7
         4
         2
         3
         1
         1
         2
         5
         1
         0
         2
         2
         3
         2
         1
         0
         1
         1
         1
         1
         0
         0
         0
         0
         0
         0
         1
         0
         0
         0
         0
         0
         0
         0
         0
         0
         0
         0
         0
         0
         0
         0
         0
         0
         0
         0
         0
         0
         0
         0
         0
         0
         0
         0
         0
         0
         0
         0
         0
         0
         0
         0
         0
         0
         0
         0
         0
         0
         0
         0
         0
         0
         0
         0
         0
         0
         0
         0
         0
         0
         0
         0
         0
         0
         0
         0
         0
         0
         0
         0
         0
         0
         0
         0
         0
         0
         0
         0
         0
         0
         0
         0
         0
         0
         0
         0
         0
         0
         0
         0
         0
         0
         0
         0
         0
         0
         0
         0
         0
         0
         0
         0
         0
         0
         0
         0
         0
         0
         0
         0
         0
         0
         0
         0
         0
         0
         0
         0
         0
         0
         0
         0
         0
         0
         0
         0
         0
         0
         0
         0
         0
         0
         0
         0
         0
         0
         0
         0
         0
         0
         0
         0
         0
         0
         0
         0
         0
         0
         0
         0
         0
         0
         0
         0
         0
         0
         0
         0
         0
         0
         0
         0
         0
         0
         0
         0
         0
         0
         0
         0
         0
         0
         0
         0
         0
         0
         0
         0
         0
         0
         0
         0
         0
         0
         0
         0
         0
         0
         0
         0
         0
         0
         0
         0
         0
         0
         0
         0
         0
         0
         0
         0
         0
         0
         0
         0
         0
         0
         0
         0
         0
         0
         0
         0
         0
         0
         0
         0
         0
         0
         0
         0
         0
         0
         0
         0
         0
         0
         0
         0
         0
         0
         0
         0
         0
         0
         0
         0
         0
         0
         0
         0
         0
         0
         0
         0
         0
         0
         0
         0
         0
         0
         0
         0
         0
         0
         0
         0
         0
         0
         0
         0
         0
         0
         0
         0
         0
         0
         0
         0
         0
         0
         0
         0
         0
         0
         0
         0
         0
         0
         0
         0
         0
         0
         0
         0
         0
         0
         0
         0
         0
         0
         0
         0
         0
         0
         0
         0
         0
         0
         0
         0
         0
         0
         0
         0
         0
         0
         0
         0
         0
         0
         0
         0
         0
         0
         0
         0
         0
         0
         0
         0
         0
         0
         0
         0
         0
         0
         0
         0
         0
         0
         0
         0
         0
         0
         0
         0
         0
         0
         0
         0
         0
         0
         0
         0
         0
         0
         0
         0
         0
         0
         0
         0
         0
         0
         0
         0
         0
         0
         0
