         0
         0
         0
         0
         0
         0
         0
         0
         0
         0
         0
         0
         0
         0
         0
         0
         0
         0
         0
         0
         0
         0
         0
         0
         0
         0
         0
         0
         0
         0
         0
         0
         0
         0
         0
         0
         0
         0
         0
         0
         0
         0
         0
         0
         0
         0
         0
         0
         0
         0
         0
         0
         0
         0
         0
         0
         0
         0
         0
         0
         0
         0
         0
         0
         0
         0
         0
         0
         0
         0
         0
         0
         0
         0
         0
         0
         0
         0
         0
         0
         0
         0
         0
         0
         0
         0
         0
         0
         0
         0
         0
         0
         0
         0
         0
         0
         0
         0
         0
         0
         0
         0
         0
         0
         0
         0
         0
         0
         0
         0
         0
         0
         0
         0
         0
         0
         0
         0
         0
         0
         0
         0
         0
         0
         0
         0
         0
         0
         0
         0
         0
         0
         0
         0
         0
         0
         0
         0
         0
         0
         0
         0
         0
         0
         0
         0
         0
         0
         0
         0
         0
         0
         0
         0
         0
         0
         0
         0
         0
         0
         0
         1
         0
         0
         0
         1
         0
         0
         1
         2
         0
         3
         3
         3
         1
         2
         1
         1
         1
         1
         3
         4
         2
         3
         1
         1
         2
         2
         4
         3
         2
         3
         1
         4
         6
         4
         1
         1
         2
         3
         3
         3
         2
         3
         4
         0
         3
         1
         7
         4
         5
         2
         4
         5
         4
         6
         3
         3
         4
         4
         3
         3
         4
         3
         2
         4
         6
         5
         2
         5
         3
         4
         6
         4
         5
         2
         2
         4
         2
         5
         3
         3
         3
         3
         7
         2
         2
         5
         0
         1
         0
         2
         3
         6
         7
         4
         2
         2
         2
         6
         4
         2
         1
         4
         8
         2
         6
         3
         2
         2
         5
         7
         6
         4
         2
         4
         3
         3
         6
         3
         3
         3
         2
         4
         6
         6
         6
         1
         5
         7
         3
         4
         4
         3
         6
         9
         4
         6
         3
         2
         4
         2
         5
         5
         4
         2
         3
         3
         3
         1
         3
         3
         7
         5
         0
         7
         2
         4
         4
         5
         3
         5
         5
         2
         5
         5
         3
         4
         3
         9
         3
         6
         7
         3
         6
         4
         9
         4
         5
         8
         4
         3
         3
         6
         7
         7
        11
         5
         3
        10
         8
        13
        11
         9
        18
         8
         7
        15
        10
        13
        13
        10
         9
        10
         7
        10
        13
         6
        17
        10
        23
        11
        16
        18
        19
        16
        18
        13
        16
        15
        16
        20
        24
        17
        18
        28
        27
        23
        17
        26
        22
        22
        24
        33
        23
        22
        24
        12
        23
        21
        24
        19
        10
        22
        28
        19
        25
        20
        27
        22
        24
        21
        27
        15
        22
        23
        23
        14
        13
        19
        10
        18
        10
        13
         9
        17
        11
        16
        12
         7
         9
         4
         3
         9
        11
        11
        10
        11
         5
         9
         9
         7
         8
         6
         5
         3
         4
         5
         7
         9
         8
         1
        10
         6
         3
         8
         3
         8
         3
         6
        10
         3
         5
         4
         5
         5
         2
         3
         3
         0
         5
         4
         1
         5
         1
         1
         8
         2
         1
         3
         3
         6
         2
         2
         4
         5
         3
         3
         3
         4
         3
         3
         4
         8
         9
         9
         5
         1
         3
         5
         6
         3
         1
         4
         3
         3
         4
         2
         4
         4
         3
         3
         1
         3
         4
         2
         4
         3
         5
         3
         4
         2
         2
         7
         2
         2
         3
         2
         5
         5
         2
         4
         4
         2
         3
         3
         3
         4
         0
         3
         2
         2
         4
         2
         2
         3
         2
         5
         5
         4
         3
         4
         3
         5
         6
         1
         3
         2
         2
         7
         2
         5
         3
         5
         1
         9
         4
         4
         5
         1
         4
         9
         4
         6
         3
         6
         1
         4
         2
         2
         1
         6
         3
         5
         3
         3
         4
         4
         7
         0
         5
         2
         3
         1
         2
         5
         4
         5
         4
         3
         3
         3
         3
         3
         1
         2
         8
         3
         3
         0
         2
         5
         3
         5
         0
         2
         3
         2
         0
         1
         3
         4
         2
         3
         4
         3
         2
         2
         0
         3
         2
         4
         3
         5
         1
         1
         2
         4
         1
         1
         4
         2
         2
         3
         3
         1
         4
         3
         2
         1
         0
         2
         2
         1
         3
         4
         2
         2
         1
         1
         2
         3
         0
         0
         0
         0
         0
         0
         1
         0
         1
         0
         0
         0
         0
         0
         0
         0
         0
         0
         0
         0
         0
         0
         0
         0
         0
         0
         0
         0
         0
         0
         0
         0
         0
         0
         0
         0
         0
         0
         0
         0
         0
         0
         0
         0
         0
         0
         0
         0
         0
         0
         0
         0
         0
         0
         0
         0
         0
         0
         0
         0
         0
         0
         0
         0
         0
         0
         0
         0
         0
         0
         0
         0
         0
         0
         0
         0
         0
         0
         0
         0
         0
         0
         0
         0
         0
         0
         0
         0
         0
         0
         0
         0
         0
         0
         0
         0
         0
         0
         0
         0
         0
         0
         0
         0
         0
         0
         0
         0
         0
         0
         0
         0
         0
         0
         0
         0
         0
         0
         0
         0
         0
         0
         0
         0
         0
         0
         0
         0
         0
         0
         0
         0
         0
         0
         0
         0
         0
         0
         0
         0
         0
         0
         0
         0
         0
         0
         0
         0
         0
         0
         0
         0
         0
         0
         0
         0
         0
         0
         0
         0
         0
         0
         0
         0
         0
         0
         0
         0
         0
         0
         0
         0
         0
         0
         0
         0
         0
         0
         0
         0
         0
         0
         0
         0
         0
         0
         0
         0
         0
         0
         0
         0
         0
         0
         0
         0
         0
         0
         0
         0
         0
         0
         0
         0
         0
         0
         0
         0
         0
         0
         0
         0
         0
         0
         0
         0
         0
         0
         0
         0
         0
         0
         0
         0
         0
         0
         0
         0
         0
         0
         0
         0
         0
         0
         0
         0
         0
         0
         0
         0
         0
         0
         0
         0
         0
         0
         0
         0
         0
         0
         0
         0
         0
         0
         0
         0
         0
         0
         0
         0
         0
         0
         0
         0
         0
         0
         0
         0
         0
         0
         0
         0
         0
         0
         0
         0
         0
         0
         0
         0
         0
         0
         0
         0
         0
         0
         0
         0
         0
         0
         0
         0
         0
         0
         0
         0
         0
         0
         0
         0
         0
         0
         0
         0
         0
         0
         0
         0
         0
         0
         0
         0
         0
         0
         0
         0
         0
         0
         0
         0
         0
         0
         0
         0
         0
         0
         0
         0
         0
         0
         0
         0
         0
         0
         0
         0
         0
         0
         0
         0
         0
         0
         0
         0
         0
         0
         0
         0
         0
         0
         0
         0
         0
         0
         0
         0
         0
         0
         0
         0
         0
         0
