         0
         0
         0
         0
         0
         0
         0
         0
         0
         0
         0
         0
         0
         0
         0
         0
         0
         0
         0
         0
         0
         0
         0
         0
         0
         0
         0
         0
         0
         0
         0
         0
         0
         0
         0
         0
         0
         0
         0
         0
         0
         0
         0
         0
         0
         0
         0
         0
         0
         0
         0
         0
         0
         0
         0
         0
         0
         0
         0
         0
         0
         0
         0
         0
         0
         0
         0
         0
         0
         0
         0
         0
         0
         0
         0
         0
         0
         0
         0
         0
         0
         0
         0
         0
         0
         0
         0
         0
         0
         0
         0
         0
         0
         0
         0
         0
         0
         0
         0
         0
         0
         0
         0
         0
         0
         0
         0
         0
         0
         0
         0
         0
         0
         0
         0
         0
         0
         0
         0
         0
         0
         0
         0
         0
         0
         0
         0
         0
         0
         0
         0
         0
         0
         0
         0
         0
         0
         0
         0
         0
         0
         0
         0
         0
         0
         0
         0
         0
         0
         0
         0
         0
         0
         0
         0
         0
         0
         0
         0
         0
         0
         0
         0
         0
         0
         1
         0
         1
         1
         0
         1
         1
         1
         2
         0
         0
         3
         3
         4
         1
         2
         4
         0
         4
         1
         5
         3
         3
         5
         5
         1
         3
         3
         4
         1
         6
         1
         3
         4
         0
         5
         4
         4
         6
         4
         2
         3
         5
         5
         1
         3
         1
         2
         5
         1
         4
         2
         4
         4
         8
         2
         2
         2
         3
         6
         6
         4
         2
         5
         4
         1
         6
         3
         5
         2
         3
         7
         5
         2
         2
         3
         5
         3
         3
         3
         4
         3
         5
         7
         3
         1
         1
         1
         4
         6
         3
         4
         5
         6
         2
         6
         5
         2
         2
         4
         3
         2
         5
         1
         6
         1
         3
         7
         6
         6
         3
         3
         6
         2
         3
         6
         3
         3
         4
         6
         4
         3
         3
         4
         4
         3
         4
         5
         5
         4
         5
         9
         6
         3
         6
         7
         2
         9
         5
         5
         4
         1
         7
         4
         6
         6
         3
         3
         1
         5
         7
         3
         3
         2
         4
         8
         5
         6
         3
         5
         3
         7
         4
         3
         9
         5
         5
         6
         4
         5
         3
         7
         7
         5
         6
         8
         7
         7
         3
         9
         8
         8
         5
        10
         8
        12
         7
         7
        10
        10
        17
         7
        11
         8
         6
        12
        15
         9
        13
         9
        26
        14
        14
         7
        18
        14
        16
        13
        14
        22
        10
        21
        15
        14
        16
        24
        15
        10
        13
        12
        19
        18
        19
        19
        18
        16
        21
        16
        21
        18
        16
        19
        21
        22
        12
        24
        14
        10
        16
        23
        15
        22
        15
        24
        17
        19
        23
        23
        15
        12
        18
        11
        11
        22
        14
        16
        16
        14
        13
        14
        15
        14
        21
        16
        16
         7
        11
        15
        11
        10
        11
         8
        14
         8
        10
         9
         5
         4
         5
         9
         5
        10
        14
         9
         7
         4
         8
        11
         7
         6
         6
         6
         4
         5
        10
         4
         4
         9
         9
         3
         7
         9
         4
         8
         5
         4
         6
         5
         6
         4
         8
         2
         1
         6
         7
         5
         8
         9
         4
         3
         5
         9
         3
         3
         1
         0
         3
         2
         4
        10
         5
         9
         6
         1
         3
         5
         4
         4
         3
         4
         8
         6
         1
         2
         5
         2
         4
         6
         8
         6
         4
         3
         5
         7
         5
         1
         7
         2
         5
         3
         7
         5
         2
         2
         2
         4
         5
         6
         2
         5
         2
         1
         3
         4
         7
         4
         3
         6
         1
         6
         5
         0
         1
         1
         2
         3
         4
         4
         4
         4
         2
         6
         4
         2
         8
         3
         9
         7
         2
         2
         3
         3
         2
         3
         2
         6
         4
         5
         4
         2
         3
         3
         2
         4
         6
         4
         1
         1
         3
         6
         3
         4
         3
         3
         4
         5
         4
         2
         3
         4
         3
         4
         3
         0
         1
         5
         3
         1
         1
         2
         1
         3
         3
         1
         2
         3
         3
         5
         4
         1
         8
         2
         5
         3
         1
         3
         5
         5
         4
         3
         1
         6
         2
         3
         5
         2
         2
         2
         2
         2
         3
         2
         3
         1
         3
         1
         3
         4
         1
         3
         2
         2
         0
         2
         3
         2
         5
         0
         3
         1
         2
         3
         3
         0
         1
         0
         1
         0
         2
         1
         1
         0
         0
         0
         0
         0
         0
         0
         0
         0
         0
         0
         0
         0
         0
         0
         0
         0
         0
         0
         0
         0
         0
         0
         0
         0
         0
         0
         0
         0
         0
         0
         0
         0
         0
         0
         0
         0
         0
         0
         0
         0
         0
         0
         0
         0
         0
         0
         0
         0
         0
         0
         0
         0
         0
         0
         0
         0
         0
         0
         0
         0
         0
         0
         0
         0
         0
         0
         0
         0
         0
         0
         0
         0
         0
         0
         0
         0
         0
         0
         0
         0
         0
         0
         0
         0
         0
         0
         0
         0
         0
         0
         0
         0
         0
         0
         0
         0
         0
         0
         0
         0
         0
         0
         0
         0
         0
         0
         0
         0
         0
         0
         0
         0
         0
         0
         0
         0
         0
         0
         0
         0
         0
         0
         0
         0
         0
         0
         0
         0
         0
         0
         0
         0
         0
         0
         0
         0
         0
         0
         0
         0
         0
         0
         0
         0
         0
         0
         0
         0
         0
         0
         0
         0
         0
         0
         0
         0
         0
         0
         0
         0
         0
         0
         0
         0
         0
         0
         0
         0
         0
         0
         0
         0
         0
         0
         0
         0
         0
         0
         0
         0
         0
         0
         0
         0
         0
         0
         0
         0
         0
         0
         0
         0
         0
         0
         0
         0
         0
         0
         0
         0
         0
         0
         0
         0
         0
         0
         0
         0
         0
         0
         0
         0
         0
         0
         0
         0
         0
         0
         0
         0
         0
         0
         0
         0
         0
         0
         0
         0
         0
         0
         0
         0
         0
         0
         0
         0
         0
         0
         0
         0
         0
         0
         0
         0
         0
         0
         0
         0
         0
         0
         0
         0
         0
         0
         0
         0
         0
         0
         0
         0
         0
         0
         0
         0
         0
         0
         0
         0
         0
         0
         0
         0
         0
         0
         0
         0
         0
         0
         0
         0
         0
         0
         0
         0
         0
         0
         0
         0
         0
         0
         0
         0
         0
         0
         0
         0
         0
         0
         0
         0
         0
         0
         0
         0
         0
         0
         0
         0
         0
         0
         0
         0
         0
         0
         0
         0
         0
         0
         0
         0
         0
         0
         0
         0
         0
         0
         0
         0
         0
         0
         0
         0
         0
         0
         0
         0
         0
         0
         0
         0
         0
         0
         0
         0
         0
         0
         0
         0
         0
         0
         0
         0
         0
         0
         0
         0
         0
