         0
         0
         0
         0
         0
         0
         0
         0
         0
         0
         0
         0
         0
         0
         0
         0
         0
         0
         0
         0
         0
         0
         0
         0
         0
         0
         0
         0
         0
         0
         0
         0
         0
         0
         0
         0
         0
         0
         0
         0
         0
         0
         0
         0
         0
         0
         0
         0
         0
         0
         0
         0
         0
         0
         0
         0
         0
         0
         0
         0
         0
         0
         0
         0
         0
         0
         0
         0
         0
         0
         0
         0
         0
         0
         0
         0
         0
         0
         0
         0
         0
         0
         0
         0
         0
         0
         0
         0
         0
         0
         0
         0
         0
         0
         0
         0
         0
         0
         0
         0
         0
         0
         0
         0
         0
         0
         0
         0
         0
         0
         0
         0
         0
         0
         0
         0
         0
         0
         0
         0
         0
         0
         0
         0
         0
         0
         0
         0
         0
         0
         0
         0
         0
         0
         0
         0
         0
         0
         0
         0
         0
         0
         0
         0
         0
         0
         0
         0
         0
         0
         0
         0
         0
         0
         0
         0
         0
         0
         1
         1
         2
         2
         1
         1
         2
         1
         3
         3
         3
         3
         3
         5
         6
        12
         6
         8
         7
         7
        10
        10
         6
        10
        12
         8
         8
        10
        12
        10
        18
        13
        14
         9
        16
        19
        19
        15
        10
        12
        14
        10
         7
         6
        13
        11
        10
        11
        15
        20
        13
         9
         9
         9
        13
        17
        13
        13
        11
         8
        12
        11
        14
        12
        16
        13
        11
        18
        10
        11
        15
        12
        16
         6
        12
        11
        17
        11
         9
        15
        10
        16
         6
        13
        14
        12
        13
         7
        14
        10
        11
        18
         6
         8
        12
        12
         6
        12
        17
        11
        15
        10
         9
         8
         9
        10
        13
         9
        11
         7
        12
         7
        14
         9
         8
         9
         7
        10
        11
         8
        10
         9
         1
         8
         4
         5
         4
         6
        12
         6
         8
         7
         9
         8
        14
         6
        10
         8
         6
         6
         5
         5
         6
        11
         5
         6
         9
         9
         6
         7
         6
        16
         3
         8
        16
         7
        15
         9
         5
        11
         1
        13
         8
         6
         4
        10
         3
         7
         5
         6
         5
         5
         6
         6
        10
         7
        15
         5
        12
         9
         4
         9
        10
         5
         8
         7
         8
         7
         6
         7
        11
         4
        12
         6
         7
         5
         5
         9
        12
         8
         5
        10
         8
         9
         9
         4
         5
         6
         6
        12
        11
         5
         7
         9
         6
        10
         6
         9
         4
         5
         9
        11
         6
        10
         7
         5
        11
         7
        13
         5
         7
         6
         7
        12
         7
         6
         8
         4
        10
         4
         6
         8
        10
         5
        10
         6
         6
        17
         8
         6
         5
        11
        13
         4
         6
        12
        10
        11
        11
         5
         9
         3
         8
         1
         9
         6
        11
         4
         4
         4
         5
        11
         9
         2
         8
         7
         7
        10
         6
        10
         9
         5
        13
        11
         5
         5
         1
         7
         4
         6
         6
         2
         7
        11
        10
         5
         7
         9
         8
        11
         6
         7
         8
         9
         9
         7
        11
         6
        10
         9
        11
         9
         4
         4
         6
         8
        11
         6
         8
         5
         9
         7
         9
         5
         6
         8
         3
         4
         8
         5
         8
         4
         4
         1
         5
         5
         2
         6
         6
         3
         4
         9
         5
         6
         3
         3
         4
         2
         2
         4
         6
         7
         3
         8
         4
         2
         7
         4
         3
         4
         5
         4
         4
         1
         3
         7
        10
         8
         5
         2
         3
         3
         5
         2
         7
         5
         5
         4
         7
         1
        10
         4
         5
         3
         5
         7
         6
         3
         5
         3
         4
         3
         4
         8
         5
         5
         3
         4
         3
         3
         2
         4
         3
         2
         2
        11
         0
         2
         1
         6
         3
         4
         2
         4
         7
         3
         3
         7
         8
         4
         2
         4
         3
         2
         5
         9
         3
         3
         2
         4
         3
         4
         4
         6
         1
         5
         3
         2
         1
         5
         3
         2
         0
         2
         5
         3
         3
         2
         6
         4
         1
         5
         5
         3
         5
         5
         3
         6
         2
         6
         4
         4
         4
         5
         2
         6
         3
         4
         2
         2
         1
         3
         4
         4
         0
         2
         2
         3
         4
         5
         2
         0
         5
         2
         0
         1
         4
         1
         2
         0
         3
         1
         0
         2
         2
         3
         2
         1
         0
         2
         1
         1
         4
         0
         0
         1
         0
         0
         0
         0
         0
         0
         0
         0
         0
         0
         0
         0
         0
         0
         0
         0
         0
         0
         0
         0
         0
         0
         0
         0
         0
         0
         0
         0
         0
         0
         0
         0
         0
         0
         0
         0
         0
         0
         0
         0
         0
         0
         0
         0
         0
         0
         0
         0
         0
         0
         0
         0
         0
         0
         0
         0
         0
         0
         0
         0
         0
         0
         0
         0
         0
         0
         0
         0
         0
         0
         0
         0
         0
         0
         0
         0
         0
         0
         0
         0
         0
         0
         0
         0
         0
         0
         0
         0
         0
         0
         0
         0
         0
         0
         0
         0
         0
         0
         0
         0
         0
         0
         0
         0
         0
         0
         0
         0
         0
         0
         0
         0
         0
         0
         0
         0
         0
         0
         0
         0
         0
         0
         0
         0
         0
         0
         0
         0
         0
         0
         0
         0
         0
         0
         0
         0
         0
         0
         0
         0
         0
         0
         0
         0
         0
         0
         0
         0
         0
         0
         0
         0
         0
         0
         0
         0
         0
         0
         0
         0
         0
         0
         0
         0
         0
         0
         0
         0
         0
         0
         0
         0
         0
         0
         0
         0
         0
         0
         0
         0
         0
         0
         0
         0
         0
         0
         0
         0
         0
         0
         0
         0
         0
         0
         0
         0
         0
         0
         0
         0
         0
         0
         0
         0
         0
         0
         0
         0
         0
         0
         0
         0
         0
         0
         0
         0
         0
         0
         0
         0
         0
         0
         0
         0
         0
         0
         0
         0
         0
         0
         0
         0
         0
         0
         0
         0
         0
         0
         0
         0
         0
         0
         0
         0
         0
         0
         0
         0
         0
         0
         0
         0
         0
         0
         0
         0
         0
         0
         0
         0
         0
         0
         0
         0
         0
         0
         0
         0
         0
         0
         0
         0
         0
         0
         0
         0
         0
         0
         0
         0
         0
         0
         0
         0
         0
         0
         0
         0
         0
         0
         0
         0
         0
         0
         0
         0
         0
         0
         0
         0
         0
         0
         0
         0
         0
         0
         0
         0
         0
         0
         0
         0
         0
         0
         0
         0
         0
         0
         0
         0
         0
         0
         0
         0
         0
         0
         0
         0
         0
         0
         0
         0
         0
         0
         0
         0
         0
         0
         0
         0
         0
         0
         0
         0
         0
         0
         0
         0
         0
         0
         0
         0
         0
         0
         0
         0
         0
         0
         0
         0
