         0
         0
         0
         0
         0
         0
         0
         0
         0
         0
         0
         0
         0
         0
         0
         0
         0
         0
         0
         0
         0
         0
         0
         0
         0
         0
         0
         0
         0
         0
         0
         0
         0
         0
         0
         0
         0
         0
         0
         0
         0
         0
         0
         0
         0
         0
         0
         0
         0
         0
         0
         0
         0
         0
         0
         0
         0
         0
         0
         0
         0
         0
         0
         0
         0
         0
         0
         0
         0
         0
         0
         0
         0
         0
         0
         0
         0
         0
         0
         0
         0
         0
         0
         0
         0
         0
         0
         0
         0
         0
         0
         0
         0
         0
         0
         0
         0
         0
         0
         0
         0
         0
         0
         0
         0
         0
         0
         0
         0
         0
         0
         0
         0
         0
         0
         0
         0
         0
         0
         0
         0
         0
         0
         0
         0
         0
         0
         0
         0
         0
         0
         0
         0
         0
         0
         0
         0
         0
         0
         0
         0
         0
         0
         0
         0
         0
         0
         0
         0
         0
         0
         0
         0
         0
         0
         0
         0
         0
         0
         0
         0
         0
         0
         0
         0
         0
         0
         0
         0
         1
         0
         0
         0
         0
         0
         1
         1
         0
         1
         0
         1
         1
         1
         0
         0
         3
         1
         1
         2
         1
         4
         1
         1
         3
         0
         2
         2
         0
         3
         4
         3
         0
         3
         2
         5
         3
         0
         4
         3
         0
         2
         1
         5
         2
         1
         4
         4
         3
         5
         3
         0
         5
         3
         3
         4
         4
         6
         4
         4
         6
         7
         4
         3
         4
         3
         4
         6
         1
         2
         4
         4
         3
         6
         3
         5
         5
         3
         6
         9
         3
         6
         7
         2
         3
         5
         6
         6
         4
         5
         4
         6
        12
         4
         9
         5
         6
         9
         8
         7
         5
         9
         7
         6
        10
        11
         7
         9
         9
        14
        10
        11
        10
        15
        20
        21
        20
        26
        33
        32
        48
        39
        41
        59
        83
        64
        78
        88
        92
       113
       123
       154
       163
       199
       215
       203
       232
       271
       325
       295
       342
       359
       371
       411
       438
       403
       421
       398
       424
       375
       399
       394
       350
       341
       381
       344
       325
       297
       290
       273
       273
       263
       248
       213
       177
       182
       169
       161
       143
       119
       125
        90
        98
        84
        82
        62
        57
        47
        55
        46
        44
        42
        29
        22
        22
        24
        25
        26
        18
        18
        10
        18
        23
        10
        14
        14
        12
         9
         6
         4
         9
         3
        11
         7
         7
         4
         5
         8
         5
         6
         7
         1
         6
         6
         5
         4
         6
         7
         5
         7
         6
         6
         6
         5
         5
         5
         5
         6
         2
         6
         6
         2
         6
         6
         6
         5
        10
         5
         6
         6
         5
         5
         4
         5
         8
         8
         8
         7
         7
         6
         6
         7
         9
         9
        11
        11
        13
        13
        15
        15
        15
        11
        21
        27
        18
        21
        25
        24
        28
        30
        30
        32
        37
        20
        29
        36
        38
        36
        25
        29
        25
        45
        36
        35
        38
        24
        41
        27
        24
        34
        29
        26
        23
        21
        16
        18
        12
        12
        15
        13
        11
        16
         7
        11
         2
         8
         6
         4
         9
         6
         6
         7
         9
         7
         5
         8
         3
         3
         5
         7
         2
         3
         0
         2
         4
         4
         5
         3
         1
         4
         4
         3
         2
         0
         2
         2
         5
         2
         0
         3
         5
         2
         4
         3
         1
         1
         3
         1
         1
         7
         2
         3
         6
         2
         0
         1
         3
         0
         0
         1
         3
         0
         2
         1
         1
         4
         1
         2
         2
         4
         1
         2
         0
         3
         1
         3
         3
         1
         2
         3
         1
         0
         1
         0
         3
         1
         2
         0
         2
         0
         1
         1
         2
         1
         2
         2
         1
         0
         1
         0
         2
         3
         2
         1
         1
         3
         3
         1
         1
         3
         0
         1
         1
         3
         3
         1
         2
         0
         0
         0
         2
         1
         0
         2
         1
         1
         1
         4
         4
         1
         2
         1
         1
         0
         2
         1
         2
         0
         1
         1
         1
         2
         2
         1
         3
         1
         1
         1
         2
         1
         0
         2
         1
         0
         0
         0
         1
         1
         0
         1
         3
         2
         1
         3
         1
         3
         1
         3
         1
         0
         1
         2
         2
         0
         0
         0
         1
         2
         1
         0
         1
         0
         0
         1
         1
         1
         1
         0
         0
         1
         0
         1
         0
         0
         0
         0
         0
         1
         0
         0
         0
         0
         0
         0
         0
         0
         0
         0
         0
         0
         0
         0
         0
         0
         0
         0
         0
         0
         0
         0
         0
         0
         0
         0
         0
         0
         0
         0
         0
         0
         0
         0
         0
         0
         0
         0
         0
         0
         0
         0
         0
         0
         0
         0
         0
         0
         0
         0
         0
         0
         0
         0
         0
         0
         0
         0
         0
         0
         0
         0
         0
         0
         0
         0
         0
         0
         0
         0
         0
         0
         0
         0
         0
         0
         0
         0
         0
         0
         0
         0
         0
         0
         0
         0
         0
         0
         0
         0
         0
         0
         0
         0
         0
         0
         0
         0
         0
         0
         0
         0
         0
         0
         0
         0
         0
         0
         0
         0
         0
         0
         0
         0
         0
         0
         0
         0
         0
         0
         0
         0
         0
         0
         0
         0
         0
         0
         0
         0
         0
         0
         0
         0
         0
         0
         0
         0
         0
         0
         0
         0
         0
         0
         0
         0
         0
         0
         0
         0
         0
         0
         0
         0
         0
         0
         0
         0
         0
         0
         0
         0
         0
         0
         0
         0
         0
         0
         0
         0
         0
         0
         0
         0
         0
         0
         0
         0
         0
         0
         0
         0
         0
         0
         0
         0
         0
         0
         0
         0
         0
         0
         0
         0
         0
         0
         0
         0
         0
         0
         0
         0
         0
         0
         0
         0
         0
         0
         0
         0
         0
         0
         0
         0
         0
         0
         0
         0
         0
         0
         0
         0
         0
         0
         0
         0
         0
         0
         0
         0
         0
         0
         0
         0
         0
         0
         0
         0
         0
         0
         0
         0
         0
         0
         0
         0
         0
         0
         0
         0
         0
         0
         0
         0
         0
         0
         0
         0
         0
         0
         0
         0
         0
         0
         0
         0
         0
         0
         0
         0
         0
         0
         0
         0
         0
         0
         0
         0
         0
         0
         0
         0
         0
         0
         0
         0
         0
         0
         0
         0
         0
         0
         0
         0
         0
         0
         0
         0
         0
         0
         0
         0
         0
         0
         0
         0
         0
         0
         0
         0
         0
         0
         0
         0
         0
         0
         0
         0
         0
         0
         0
         0
         0
         0
         0
         0
         0
         0
         0
         0
         0
         0
         0
         0
         0
         0
         0
         0
         0
         0
         0
         0
         0
         0
         0
         0
         0
         0
         0
         0
         0
         0
         0
         0
         0
         0
         0
