         0
         0
         0
         0
         0
         0
         0
         0
         0
         0
         0
         0
         0
         0
         0
         0
         0
         0
         0
         0
         0
         0
         0
         0
         0
         0
         0
         0
         0
         0
         0
         0
         0
         0
         0
         0
         0
         0
         0
         0
         0
         0
         0
         0
         0
         0
         0
         0
         0
         0
         0
         0
         0
         0
         0
         0
         0
         0
         0
         0
         0
         0
         0
         0
         0
         0
         0
         0
         0
         0
         0
         0
         0
         0
         0
         0
         0
         0
         0
         0
         0
         0
         0
         0
         0
         0
         0
         0
         0
         0
         0
         0
         0
         0
         0
         0
         0
         0
         0
         0
         0
         0
         0
         0
         0
         0
         0
         0
         0
         0
         0
         0
         0
         0
         0
         0
         0
         0
         0
         0
         0
         0
         0
         0
         0
         0
         0
         0
         0
         0
         0
         0
         0
         0
         0
         0
         0
         0
         0
         0
         0
         0
         0
         0
         0
         0
         0
         0
         0
         0
         0
         0
         0
         0
         0
         0
         0
         0
         0
         0
         0
         0
         0
         0
         0
         0
         0
         0
         0
         0
         0
         0
         0
         1
         1
         3
         0
         0
         0
         2
         2
         1
         0
         2
         1
         0
         0
         3
         3
         3
         1
         2
         2
         2
         1
         1
         3
         2
         3
         2
         4
         1
         3
         3
         3
         4
         4
         1
         2
         2
         4
         1
         3
         0
         3
         5
         5
         3
         5
         5
         1
         2
         3
         3
         4
         5
         4
         6
         2
         5
         2
         7
         6
         5
         2
         6
         0
         3
         2
         8
         1
         3
         1
         1
         0
         3
         4
         8
         4
         5
         3
         4
         3
         2
         4
         3
         3
         6
         4
         5
         8
         4
         4
         6
         5
         5
         6
         7
         8
         7
         4
         9
         9
         3
         5
         5
         4
        10
         9
         9
         7
         7
        11
         6
        11
        10
         9
         5
        14
        11
         8
        12
        13
        15
        16
        26
        19
        26
        42
        36
        42
        42
        51
        52
        64
        66
        91
        82
       111
       124
       136
       150
       162
       204
       228
       239
       256
       296
       284
       283
       355
       330
       344
       397
       388
       388
       391
       379
       376
       361
       375
       379
       344
       322
       312
       310
       291
       289
       259
       227
       264
       228
       212
       189
       146
       173
       152
       127
       118
       106
       103
        79
        64
        64
        66
        59
        48
        31
        41
        35
        26
        25
        22
        19
        17
        18
        13
        15
        14
        14
        11
        10
        12
         9
        17
         7
         6
         6
         6
         8
         9
         4
         9
         6
         5
         6
         7
         2
         4
         7
         6
         4
         2
         9
         3
         8
         3
         7
         4
         1
         7
         1
         3
         2
         2
         5
         4
         4
         3
         6
         4
         2
         3
         3
         5
         2
         4
         3
         5
        11
         4
         9
         4
         8
         8
         5
        10
         5
         6
        10
         6
         7
         8
        15
        13
         6
        13
        16
        15
        14
        18
        18
        18
        20
        24
        23
        41
        33
        23
        40
        40
        45
        41
        43
        49
        42
        31
        46
        40
        35
        37
        35
        29
        29
        23
        30
        21
        19
        35
        30
        22
        25
        17
        14
        11
        16
        24
        11
        14
         8
        11
         9
         8
         7
         5
        10
         7
         3
         4
         3
         2
         5
         8
         4
         3
         2
         2
         4
         3
         4
         7
         3
         6
         2
         2
         4
         2
         3
         2
         0
         2
         2
         2
         3
         3
         2
         3
         1
         1
         2
         3
         2
         1
         2
         3
         2
         3
         1
         3
         5
         2
         1
         0
         1
         2
         3
         5
         1
         1
         2
         0
         0
         4
         1
         4
         2
         0
         0
         1
         0
         0
         0
         2
         2
         2
         1
         3
         1
         1
         0
         4
         0
         0
         1
         1
         2
         3
         1
         1
         1
         4
         2
         3
         1
         1
         0
         4
         2
         3
         1
         2
         2
         0
         2
         2
         0
         3
         0
         4
         1
         3
         1
         0
         2
         2
         1
         1
         0
         2
         1
         3
         3
         0
         1
         1
         1
         1
         1
         0
         1
         1
         0
         0
         1
         1
         1
         0
         4
         0
         3
         2
         0
         2
         2
         0
         3
         2
         2
         3
         0
         2
         1
         0
         0
         0
         3
         1
         1
         0
         1
         1
         1
         1
         1
         2
         0
         0
         1
         0
         0
         1
         0
         1
         1
         0
         0
         1
         1
         0
         1
         0
         0
         0
         0
         0
         0
         1
         0
         1
         0
         0
         0
         0
         0
         0
         0
         0
         0
         0
         0
         0
         0
         0
         0
         0
         0
         0
         0
         0
         0
         0
         0
         0
         0
         0
         0
         0
         0
         0
         0
         0
         0
         0
         0
         0
         0
         0
         0
         0
         0
         0
         0
         0
         0
         0
         0
         0
         0
         0
         0
         0
         0
         0
         0
         0
         0
         0
         0
         0
         0
         0
         0
         0
         0
         0
         0
         0
         0
         0
         0
         0
         0
         0
         0
         0
         0
         0
         0
         0
         0
         0
         0
         0
         0
         0
         0
         0
         0
         0
         0
         0
         0
         0
         0
         0
         0
         0
         0
         0
         0
         0
         0
         0
         0
         0
         0
         0
         0
         0
         0
         0
         0
         0
         0
         0
         0
         0
         0
         0
         0
         0
         0
         0
         0
         0
         0
         0
         0
         0
         0
         0
         0
         0
         0
         0
         0
         0
         0
         0
         0
         0
         0
         0
         0
         0
         0
         0
         0
         0
         0
         0
         0
         0
         0
         0
         0
         0
         0
         0
         0
         0
         0
         0
         0
         0
         0
         0
         0
         0
         0
         0
         0
         0
         0
         0
         0
         0
         0
         0
         0
         0
         0
         0
         0
         0
         0
         0
         0
         0
         0
         0
         0
         0
         0
         0
         0
         0
         0
         0
         0
         0
         0
         0
         0
         0
         0
         0
         0
         0
         0
         0
         0
         0
         0
         0
         0
         0
         0
         0
         0
         0
         0
         0
         0
         0
         0
         0
         0
         0
         0
         0
         0
         0
         0
         0
         0
         0
         0
         0
         0
         0
         0
         0
         0
         0
         0
         0
         0
         0
         0
         0
         0
         0
         0
         0
         0
         0
         0
         0
         0
         0
         0
         0
         0
         0
         0
         0
         0
         0
         0
         0
         0
         0
         0
         0
         0
         0
         0
         0
         0
         0
         0
         0
         0
         0
         0
         0
         0
         0
         0
         0
         0
         0
         0
         0
         0
         0
         0
         0
         0
         0
         0
         0
         0
         0
         0
         0
         0
         0
         0
         0
         0
         0
         0
         0
         0
         0
         0
         0
         0
         0
         0
         0
         0
         0
         0
         0
         0
         0
         0
         0
         0
         0
         0
         0
         0
         0
         0
         0
         0
         0
         0
         0
         0
         0
         0
         0
         0
         0
         0
         0
         0
         0
         0
