         0
         0
         0
         0
         0
         0
         0
         0
         0
         0
         0
         0
         0
         0
         0
         0
         0
         0
         0
         0
         0
         0
         0
         0
         0
         0
         0
         0
         0
         0
         0
         0
         0
         0
         0
         0
         0
         0
         0
         0
         0
         0
         0
         0
         0
         0
         0
         0
         0
         0
         0
         0
         0
         0
         0
         0
         0
         0
         0
         0
         0
         0
         0
         0
         0
         0
         0
         0
         0
         0
         0
         0
         0
         0
         0
         0
         0
         0
         0
         0
         0
         0
         0
         0
         0
         0
         0
         0
         0
         0
         0
         0
         0
         0
         0
         0
         0
         0
         0
         0
         0
         0
         0
         0
         0
         0
         0
         0
         0
         0
         0
         0
         0
         0
         0
         0
         0
         0
         0
         0
         0
         0
         0
         0
         0
         0
         0
         0
         0
         0
         0
         0
         0
         0
         0
         0
         0
         0
         0
         0
         0
         0
         0
         0
         0
         0
         0
         0
         0
         0
         0
         0
         0
         0
         0
         0
         0
         0
         0
         0
         0
         0
         0
         0
         0
         0
         0
         0
         0
         0
         1
         1
         0
         0
         0
         1
         0
         1
         0
         2
         1
         2
         1
         0
         3
         0
         0
         4
         0
         5
         1
         1
         1
         2
         3
         2
         1
         5
         0
         4
         1
         1
         4
         3
         3
         5
         5
         3
         3
         5
         0
         2
         4
         2
         2
         1
         1
         2
         3
         2
         3
         2
         1
         0
         1
         5
         1
         1
         3
         3
         6
         3
         3
         3
         4
         5
         3
         3
         1
         1
         5
         3
         5
         4
         3
         4
         2
         5
         3
         8
         6
         4
         6
         3
         2
         7
         1
        13
         4
         8
         5
         2
         5
         3
         2
         4
         8
         5
         2
         5
         3
         6
         7
         4
         4
         4
         8
        12
         4
         7
         8
         9
         7
         6
         7
         9
        11
         6
        10
         8
         7
        11
        10
        16
        21
        10
        21
        20
        21
        25
        24
        30
        36
        28
        46
        49
        49
        61
        81
        90
        82
        90
       122
       124
       142
       148
       172
       217
       203
       233
       287
       278
       285
       330
       327
       381
       378
       398
       369
       351
       384
       371
       363
       354
       363
       378
       345
       323
       328
       302
       263
       263
       289
       237
       220
       191
       205
       195
       154
       149
       144
       110
       109
        90
        95
        90
       100
        75
        76
        55
        51
        57
        39
        38
        28
        32
        23
        23
        16
        19
        16
        18
        14
        16
         9
        10
        15
         7
         7
        10
        11
        10
         3
        11
         7
         3
         8
         7
         8
         7
         7
         8
         5
         6
         9
        11
         4
         7
         7
        10
         8
         8
         5
         2
         5
         6
         5
         4
         4
         4
         9
         7
         4
         5
         4
         6
         4
         2
         4
         4
         6
         0
         8
         4
         5
         2
         5
         4
        11
         7
         7
         7
        12
        15
        14
        14
        10
        17
        14
         8
        14
        12
        17
        27
        29
        28
        24
        19
        42
        23
        19
        25
        37
        37
        30
        30
        32
        37
        29
        33
        36
        31
        32
        21
        38
        28
        28
        32
        40
        23
        22
        22
        24
        25
        29
        15
        14
        23
        16
         7
        16
        15
        11
        10
        11
         7
         5
        13
         7
        11
         6
        10
         9
        11
         1
         3
         6
         9
         4
         1
         6
         4
         6
         3
         5
         4
         4
         2
         4
         3
         3
         2
         4
         2
         1
         1
         1
         4
         2
         2
         2
         2
         3
         3
         2
         0
         1
         4
         0
         5
         0
         3
         2
         1
         2
         0
         2
         2
         1
         1
         3
         0
         3
         3
         4
         3
         2
         1
         3
         3
         1
         3
         2
         1
         1
         2
         1
         1
         0
         3
         1
         3
         1
         0
         1
         1
         3
         1
         1
         1
         0
         3
         1
         2
         0
         2
         2
         3
         2
         2
         2
         1
         3
         2
         2
         0
         1
         1
         1
         2
         4
         1
         2
         2
         0
         2
         1
         1
         2
         1
         3
         3
         2
         2
         1
         1
         0
         1
         1
         2
         0
         1
         2
         0
         0
         3
         0
         1
         0
         0
         1
         1
         4
         0
         1
         2
         1
         1
         2
         1
         2
         2
         3
         2
         0
         0
         1
         1
         1
         1
         1
         1
         0
         2
         1
         0
         1
         0
         1
         0
         1
         0
         0
         0
         0
         2
         0
         0
         0
         1
         0
         0
         1
         1
         0
         0
         0
         0
         0
         0
         0
         0
         0
         0
         0
         0
         0
         0
         0
         0
         0
         0
         0
         0
         0
         0
         0
         0
         0
         0
         0
         0
         0
         0
         0
         0
         0
         0
         0
         0
         0
         0
         0
         0
         0
         0
         0
         0
         0
         0
         0
         0
         0
         0
         0
         0
         0
         0
         0
         0
         0
         0
         0
         0
         0
         0
         0
         0
         0
         0
         0
         0
         0
         0
         0
         0
         0
         0
         0
         0
         0
         0
         0
         0
         0
         0
         0
         0
         0
         0
         0
         0
         0
         0
         0
         0
         0
         0
         0
         0
         0
         0
         0
         0
         0
         0
         0
         0
         0
         0
         0
         0
         0
         0
         0
         0
         0
         0
         0
         0
         0
         0
         0
         0
         0
         0
         0
         0
         0
         0
         0
         0
         0
         0
         0
         0
         0
         0
         0
         0
         0
         0
         0
         0
         0
         0
         0
         0
         0
         0
         0
         0
         0
         0
         0
         0
         0
         0
         0
         0
         0
         0
         0
         0
         0
         0
         0
         0
         0
         0
         0
         0
         0
         0
         0
         0
         0
         0
         0
         0
         0
         0
         0
         0
         0
         0
         0
         0
         0
         0
         0
         0
         0
         0
         0
         0
         0
         0
         0
         0
         0
         0
         0
         0
         0
         0
         0
         0
         0
         0
         0
         0
         0
         0
         0
         0
         0
         0
         0
         0
         0
         0
         0
         0
         0
         0
         0
         0
         0
         0
         0
         0
         0
         0
         0
         0
         0
         0
         0
         0
         0
         0
         0
         0
         0
         0
         0
         0
         0
         0
         0
         0
         0
         0
         0
         0
         0
         0
         0
         0
         0
         0
         0
         0
         0
         0
         0
         0
         0
         0
         0
         0
         0
         0
         0
         0
         0
         0
         0
         0
         0
         0
         0
         0
         0
         0
         0
         0
         0
         0
         0
         0
         0
         0
         0
         0
         0
         0
         0
         0
         0
         0
         0
         0
         0
         0
         0
         0
         0
         0
         0
         0
         0
         0
         0
         0
         0
         0
         0
         0
         0
         0
         0
         0
         0
         0
         0
         0
         0
         0
         0
         0
         0
         0
         0
         0
         0
         0
         0
         0
         0
         0
         0
         0
         0
         0
         0
         0
         0
         0
         0
         0
         0
         0
         0
         0
         0
         0
         0
         0
         0
         0
         0
         0
