         0
         0
         0
         0
         0
         0
         0
         0
         0
         0
         0
         0
         0
         0
         0
         0
         0
         0
         0
         0
         0
         0
         0
         0
         0
         0
         0
         0
         0
         0
         0
         0
         0
         0
         0
         0
         0
         0
         0
         0
         0
         0
         0
         0
         0
         0
         0
         0
         0
         0
         0
         0
         0
         0
         0
         0
         0
         0
         0
         0
         0
         0
         0
         0
         0
         0
         0
         0
         0
         0
         0
         0
         0
         0
         0
         0
         0
         0
         0
         0
         0
         0
         0
         0
         0
         0
         0
         0
         0
         0
         0
         0
         0
         0
         0
         0
         0
         0
         0
         0
         0
         0
         0
         0
         0
         0
         0
         0
         0
         0
         0
         0
         0
         0
         0
         0
         0
         0
         0
         0
         0
         0
         0
         0
         0
         0
         0
         0
         0
         0
         0
         0
         0
         0
         0
         0
         0
         0
         0
         0
         0
         0
         0
         0
         0
         0
         0
         0
         0
         0
         0
         0
         0
         0
         0
         0
         0
         0
         0
         0
         0
         0
         0
         0
         0
         0
         0
         0
         2
         1
         1
         0
         0
         1
         1
         0
         1
         1
         1
         2
         0
         0
         0
         1
         1
         1
         1
         0
         1
         1
         4
         1
         4
         2
         1
         1
         0
         2
         1
         2
         2
         2
         3
         1
         2
         6
         2
         5
         1
         3
         3
         4
         1
         2
         1
         2
         2
         1
         1
         3
         4
         3
         6
         5
         1
         0
         3
         3
         3
         7
         3
         4
         4
         4
         5
         4
         4
         2
         3
         4
         2
         6
         6
         4
         4
         2
         4
         2
         6
         4
         3
         5
         4
         6
         6
         0
         3
         4
         5
         8
         1
         7
         6
         5
         4
         5
         4
         6
         4
         7
         6
         2
         9
        11
         4
         7
         6
         6
         6
         5
         6
        11
        13
         8
        14
        12
         8
         6
        10
        13
        14
        11
         7
        12
        18
        29
        24
        32
        27
        28
        34
        30
        49
        47
        54
        47
        53
        68
        78
        83
       111
       118
       116
       130
       135
       178
       203
       210
       245
       273
       285
       293
       329
       329
       371
       371
       358
       370
       361
       357
       368
       418
       371
       371
       356
       357
       320
       340
       299
       298
       289
       303
       289
       266
       228
       253
       199
       175
       182
       165
       158
       170
       128
       126
        94
        71
        97
       102
        65
        52
        49
        46
        38
        51
        32
        34
        29
        30
        22
        24
        18
        19
        20
        27
        22
        11
        15
         8
        12
        10
        14
         6
         8
        12
         8
         8
         5
         4
         7
        11
         6
         5
        12
         6
         2
        10
         3
        10
         7
         5
         5
         8
         3
         7
         4
         5
         3
        10
        10
         5
         9
        11
         3
        10
        16
         7
         7
         5
         8
         7
         7
         7
        10
         6
         5
         5
         7
         6
        13
        14
        13
         8
        20
         8
        19
        11
        16
        17
        17
        17
        16
         9
        19
        20
        14
        22
        20
        26
        23
        20
        17
        26
        30
        33
        32
        25
        41
        30
        24
        23
        32
        30
        30
        22
        21
        13
        26
        29
        20
        17
        24
        22
        21
        21
        14
        15
        13
        14
        13
        14
        13
        12
        11
        10
         8
         8
        12
         5
        10
         6
         6
         5
         9
        13
         6
         5
         7
         2
         3
         2
         3
         7
         3
         5
         7
         4
         2
         5
         4
         3
         3
         3
         2
         3
         5
         3
         3
         2
         0
         3
         2
         2
         1
         1
         4
         0
         1
         2
         0
         3
         0
         4
         4
         4
         3
         6
         2
         1
         5
         2
         2
         8
         0
         3
         0
         1
         0
         0
         3
         4
         3
         1
         0
         2
         1
         5
         1
         1
         2
         2
         3
         2
         1
         1
         3
         3
         2
         2
         4
         2
         2
         2
         0
         2
         1
         1
         4
         1
         2
         1
         0
         0
         1
         0
         0
         2
         2
         4
         2
         2
         0
         3
         2
         0
         0
         2
         2
         1
         0
         1
         2
         1
         1
         2
         0
         3
         1
         2
         0
         0
         1
         0
         1
         1
         0
         1
         0
         1
         1
         1
         1
         3
         2
         2
         1
         1
         1
         2
         1
         3
         0
         1
         0
         1
         1
         1
         1
         2
         2
         0
         0
         2
         0
         0
         0
         1
         1
         1
         2
         1
         0
         2
         2
         1
         0
         0
         0
         1
         0
         0
         3
         1
         0
         0
         0
         0
         0
         0
         0
         0
         0
         0
         0
         0
         0
         0
         0
         0
         0
         0
         0
         0
         0
         0
         0
         0
         0
         0
         0
         0
         0
         0
         0
         0
         0
         0
         0
         0
         0
         0
         0
         0
         0
         0
         0
         0
         0
         0
         0
         0
         0
         0
         0
         0
         0
         0
         0
         0
         0
         0
         0
         0
         0
         0
         0
         0
         0
         0
         0
         0
         0
         0
         0
         0
         0
         0
         0
         0
         0
         0
         0
         0
         0
         0
         0
         0
         0
         0
         0
         0
         0
         0
         0
         0
         0
         0
         0
         0
         0
         0
         0
         0
         0
         0
         0
         0
         0
         0
         0
         0
         0
         0
         0
         0
         0
         0
         0
         0
         0
         0
         0
         0
         0
         0
         0
         0
         0
         0
         0
         0
         0
         0
         0
         0
         0
         0
         0
         0
         0
         0
         0
         0
         0
         0
         0
         0
         0
         0
         0
         0
         0
         0
         0
         0
         0
         0
         0
         0
         0
         0
         0
         0
         0
         0
         0
         0
         0
         0
         0
         0
         0
         0
         0
         0
         0
         0
         0
         0
         0
         0
         0
         0
         0
         0
         0
         0
         0
         0
         0
         0
         0
         0
         0
         0
         0
         0
         0
         0
         0
         0
         0
         0
         0
         0
         0
         0
         0
         0
         0
         0
         0
         0
         0
         0
         0
         0
         0
         0
         0
         0
         0
         0
         0
         0
         0
         0
         0
         0
         0
         0
         0
         0
         0
         0
         0
         0
         0
         0
         0
         0
         0
         0
         0
         0
         0
         0
         0
         0
         0
         0
         0
         0
         0
         0
         0
         0
         0
         0
         0
         0
         0
         0
         0
         0
         0
         0
         0
         0
         0
         0
         0
         0
         0
         0
         0
         0
         0
         0
         0
         0
         0
         0
         0
         0
         0
         0
         0
         0
         0
         0
         0
         0
         0
         0
         0
         0
         0
         0
         0
         0
         0
         0
         0
         0
         0
         0
         0
         0
         0
         0
         0
         0
         0
         0
         0
         0
         0
         0
         0
         0
         0
         0
         0
         0
         0
         0
         0
         0
         0
         0
         0
         0
         0
         0
         0
         0
         0
         0
         0
         0
         0
         0
         0
         0
         0
         0
         0
         0
         0
         0
         0
         0
         0
         0
         0
         0
         0
         0
         0
         0
         0
         0
         0
         0
