         0
         0
         0
         0
         0
         0
         0
         0
         0
         0
         0
         0
         0
         0
         0
         0
         0
         0
         0
         0
         0
         0
         0
         0
         0
         0
         0
         0
         0
         0
         0
         0
         0
         0
         0
         0
         0
         0
         0
         0
         0
         0
         0
         0
         0
         0
         0
         0
         0
         0
         0
         0
         0
         0
         0
         0
         0
         0
         0
         0
         0
         0
         0
         0
         0
         0
         0
         0
         0
         0
         0
         0
         0
         0
         0
         0
         0
         0
         0
         0
         0
         0
         0
         0
         0
         0
         0
         0
         0
         0
         0
         0
         0
         0
         0
         0
         0
         0
         0
         0
         0
         0
         0
         0
         0
         0
         0
         0
         0
         0
         0
         0
         0
         0
         0
         0
         0
         0
         0
         0
         0
         0
         0
         0
         0
         0
         0
         0
         0
         0
         0
         0
         0
         0
         0
         0
         0
         0
         0
         0
         0
         0
         0
         0
         0
         0
         0
         0
         0
         0
         0
         0
         0
         0
         0
         0
         0
         0
         0
         0
         0
         0
         0
         0
         0
         0
         0
         0
         0
         0
         1
         0
         0
         1
         0
         0
         1
         0
         2
         0
         2
         2
         1
         2
         1
         1
         0
         1
         1
         0
         0
         1
         1
         2
         5
         1
         1
         2
         1
         2
         3
         0
         2
         3
         2
         3
         4
         3
         6
         1
         3
         3
         3
         8
         2
         1
         3
         3
         3
         4
         3
         8
         4
         6
         1
         6
         3
         2
         4
         1
         4
         3
         3
         5
         3
         3
         6
         5
         5
         5
         2
         4
         6
         3
        10
         7
         7
         4
         3
         7
         3
         3
         7
         5
         7
         5
         8
         2
         5
         9
         9
        12
        14
         6
         6
         4
         6
         9
        10
        11
         9
         7
        13
         1
        14
         3
         8
         9
        10
        10
        10
        22
        20
        11
        21
        10
        15
        12
        21
        14
        20
        20
        21
        23
        26
        19
        27
        28
        30
        42
        59
        41
        49
        43
        53
        57
        67
        76
        82
       102
        94
       118
       109
       165
       162
       164
       173
       195
       229
       236
       259
       274
       281
       290
       303
       353
       356
       376
       348
       376
       379
       388
       388
       397
       371
       401
       372
       396
       357
       323
       319
       275
       289
       322
       272
       244
       291
       241
       219
       201
       208
       181
       151
       142
       142
       124
       105
        94
        73
       102
        79
        85
        58
        53
        55
        50
        46
        40
        42
        30
        35
        37
        27
        24
        24
        29
        35
        17
        26
        20
        18
        23
        16
        32
        16
        12
        11
        13
        10
        13
         9
        13
        11
        10
        11
        16
        13
        12
         8
         9
         9
         7
        10
        11
         8
         8
         7
        12
         9
        10
         7
         9
         6
         8
        10
        18
        12
        11
        10
        12
         8
         8
        10
        11
        13
        13
        14
        12
        16
        10
        12
         9
        16
        18
         8
        14
        11
        15
        15
        11
        17
        13
        21
        15
        22
        17
        21
        27
         9
        17
        22
        21
        18
        19
        27
        23
        17
        29
        10
        16
        21
        18
        18
        15
        16
        17
         9
        12
        16
        16
         8
        13
         9
        14
        19
        13
        14
         8
         7
         7
         7
        13
        11
         6
         5
         4
         6
         9
         7
         3
         4
         6
         8
         2
         6
         6
         4
         6
         2
         8
        10
         0
         3
         4
         6
         5
         5
         9
         1
         0
         3
         4
         3
         3
         7
         5
         2
         4
         2
         2
         0
         1
         3
         3
         3
         2
         3
         2
         0
         2
         1
         2
         3
         3
         0
         1
         5
         3
         0
         0
         4
         5
         2
         1
         3
         3
         3
         0
         2
         1
         0
         0
         1
         2
         1
         2
         4
         2
         4
         5
         1
         1
         1
         0
         0
         0
         2
         4
         3
         2
         1
         1
         2
         2
         3
         1
         3
         1
         3
         6
         0
         3
         1
         3
         3
         1
         2
         0
         1
         0
         3
         2
         2
         1
         0
         2
         1
         3
         2
         2
         2
         0
         3
         2
         4
         2
         2
         2
         0
         0
         2
         0
         0
         3
         1
         1
         3
         0
         1
         1
         1
         0
         0
         1
         2
         2
         0
         2
         3
         1
         2
         3
         1
         2
         2
         4
         1
         0
         0
         1
         0
         0
         1
         0
         2
         1
         0
         1
         0
         1
         2
         3
         2
         0
         1
         0
         0
         0
         0
         0
         0
         1
         0
         0
         0
         0
         0
         0
         0
         0
         0
         0
         0
         0
         0
         0
         0
         0
         0
         0
         0
         0
         0
         0
         0
         0
         0
         0
         0
         0
         0
         0
         0
         0
         0
         0
         0
         0
         0
         0
         0
         0
         0
         0
         0
         0
         0
         0
         0
         0
         0
         0
         0
         0
         0
         0
         0
         0
         0
         0
         0
         0
         0
         0
         0
         0
         0
         0
         0
         0
         0
         0
         0
         0
         0
         0
         0
         0
         0
         0
         0
         0
         0
         0
         0
         0
         0
         0
         0
         0
         0
         0
         0
         0
         0
         0
         0
         0
         0
         0
         0
         0
         0
         0
         0
         0
         0
         0
         0
         0
         0
         0
         0
         0
         0
         0
         0
         0
         0
         0
         0
         0
         0
         0
         0
         0
         0
         0
         0
         0
         0
         0
         0
         0
         0
         0
         0
         0
         0
         0
         0
         0
         0
         0
         0
         0
         0
         0
         0
         0
         0
         0
         0
         0
         0
         0
         0
         0
         0
         0
         0
         0
         0
         0
         0
         0
         0
         0
         0
         0
         0
         0
         0
         0
         0
         0
         0
         0
         0
         0
         0
         0
         0
         0
         0
         0
         0
         0
         0
         0
         0
         0
         0
         0
         0
         0
         0
         0
         0
         0
         0
         0
         0
         0
         0
         0
         0
         0
         0
         0
         0
         0
         0
         0
         0
         0
         0
         0
         0
         0
         0
         0
         0
         0
         0
         0
         0
         0
         0
         0
         0
         0
         0
         0
         0
         0
         0
         0
         0
         0
         0
         0
         0
         0
         0
         0
         0
         0
         0
         0
         0
         0
         0
         0
         0
         0
         0
         0
         0
         0
         0
         0
         0
         0
         0
         0
         0
         0
         0
         0
         0
         0
         0
         0
         0
         0
         0
         0
         0
         0
         0
         0
         0
         0
         0
         0
         0
         0
         0
         0
         0
         0
         0
         0
         0
         0
         0
         0
         0
         0
         0
         0
         0
         0
         0
         0
         0
         0
         0
         0
         0
         0
         0
         0
         0
         0
         0
         0
         0
         0
         0
         0
         0
         0
         0
         0
         0
         0
         0
         0
         0
         0
         0
         0
         0
         0
         0
         0
         0
         0
         0
         0
         0
         0
         0
         0
         0
         0
         0
         0
         0
         0
         0
         0
         0
         0
         0
         0
         0
         0
         0
         0
         0
         0
