         0
         0
         0
         0
         0
         0
         0
         0
         0
         0
         0
         0
         0
         0
         0
         0
         0
         0
         0
         0
         0
         0
         0
         0
         0
         0
         0
         0
         0
         0
         0
         0
         0
         0
         0
         0
         0
         0
         0
         0
         0
         0
         0
         0
         0
         0
         0
         0
         0
         0
         0
         0
         0
         0
         0
         0
         0
         0
         0
         0
         0
         0
         0
         0
         0
         0
         0
         0
         0
         0
         0
         0
         0
         0
         0
         0
         0
         0
         0
         0
         0
         0
         0
         0
         0
         0
         0
         0
         0
         0
         0
         0
         0
         0
         0
         0
         0
         0
         0
         0
         0
         0
         0
         0
         0
         0
         0
         0
         0
         0
         0
         0
         0
         0
         0
         0
         0
         0
         0
         0
         0
         0
         0
         0
         0
         0
         0
         0
         0
         0
         0
         0
         0
         0
         0
         0
         0
         0
         0
         0
         0
         0
         0
         0
         0
         0
         0
         0
         0
         0
         0
         0
         0
         0
         0
         0
         0
         0
         0
         1
         0
         0
         0
         0
         0
         0
         0
         0
         0
         2
         0
         0
         1
         0
         0
         1
         1
         0
         2
         2
         2
         3
         1
         1
         0
         3
         1
         3
         1
         4
         2
         1
         0
         0
         4
         6
         4
         1
         2
         1
         0
         3
         2
         2
         4
         3
         4
         3
         2
         4
         3
         1
         2
         8
         1
         6
         3
         4
         2
         3
         3
         6
         3
         3
         2
         8
         4
         1
         2
         8
         5
         4
         8
         4
         5
         3
         5
         6
         6
         5
         4
         0
         6
         7
         5
         5
         8
         8
         8
         2
         3
         5
         4
         7
         9
         4
        11
         6
         8
         9
         4
         2
         6
        12
         5
        13
         6
         5
         5
         9
         5
        13
         5
         8
        10
         6
         7
         7
        13
        10
        11
        13
         9
         5
         8
        22
        12
        16
        12
        14
        16
        24
        18
        15
        24
        29
        34
        31
        41
        38
        39
        42
        49
        49
        68
        69
        64
        74
        82
        71
       109
       106
       125
       130
       126
       161
       184
       197
       187
       248
       248
       260
       308
       305
       310
       359
       358
       399
       370
       375
       442
       408
       412
       377
       417
       368
       364
       363
       341
       310
       320
       342
       329
       269
       282
       267
       270
       253
       245
       204
       211
       208
       193
       158
       152
       158
       118
       112
       104
        99
        86
        88
        81
        79
        68
        65
        59
        48
        38
        35
        33
        43
        38
        29
        25
        33
        15
        28
        19
        21
        19
        27
        22
        22
        13
        12
        15
         9
        26
        21
        14
        10
        15
        10
         9
        21
         8
        16
        10
        14
         8
         8
         9
        11
        15
        15
        12
        10
        10
        14
        12
         9
        10
        12
         7
         9
        16
        14
         8
         7
        15
        11
         5
        14
         8
        13
         8
        15
        13
        14
        13
        20
        10
        15
        13
        23
        15
        20
        10
        13
        15
        10
        19
        19
        17
        12
        13
         7
        14
        25
        10
        17
        22
        18
        18
        14
        19
        16
        16
        24
        21
        13
        16
        17
        10
        17
        11
        16
        14
        14
        15
        15
        11
         6
        10
        10
        12
         7
        11
         8
        12
        12
         6
        10
         9
         7
         2
         6
         5
         6
         6
         7
         2
         7
         4
         3
         5
         2
         1
         3
         3
         2
         4
         2
         8
         5
         5
         3
         5
         5
         4
         3
         4
         2
         1
         3
         6
         1
         5
         5
         1
         3
         3
         3
         5
         0
         2
         5
         5
         2
         2
         3
         3
         2
         2
         3
         3
         3
         2
         3
         4
         3
         3
         3
         2
         0
         5
         3
         1
         1
         3
         1
         0
         2
         4
         2
         1
         3
         3
         2
         3
         3
         3
         1
         2
         2
         2
         2
         1
         5
         2
         1
         3
         4
         4
         1
         2
         1
         2
         3
         2
         2
         1
         3
         3
         3
         2
         2
         0
         1
         3
         1
         1
         1
         2
         2
         4
         2
         1
         0
         2
         1
         1
         1
         4
         2
         1
         1
         1
         3
         0
         0
         0
         0
         1
         0
         1
         0
         1
         1
         4
         2
         3
         3
         1
         1
         0
         1
         0
         0
         1
         0
         1
         0
         1
         2
         1
         0
         2
         2
         2
         1
         2
         1
         0
         0
         0
         0
         0
         0
         2
         0
         0
         2
         0
         1
         0
         0
         0
         0
         0
         1
         0
         0
         1
         0
         0
         0
         0
         0
         0
         0
         0
         0
         0
         0
         0
         0
         0
         0
         0
         0
         0
         0
         0
         0
         0
         0
         0
         0
         0
         0
         0
         0
         0
         0
         0
         0
         0
         0
         0
         0
         0
         0
         0
         0
         0
         0
         0
         0
         0
         0
         0
         0
         0
         0
         0
         0
         0
         0
         0
         0
         0
         0
         0
         0
         0
         0
         0
         0
         0
         0
         0
         0
         0
         0
         0
         0
         0
         0
         0
         0
         0
         0
         0
         0
         0
         0
         0
         0
         0
         0
         0
         0
         0
         0
         0
         0
         0
         0
         0
         0
         0
         0
         0
         0
         0
         0
         0
         0
         0
         0
         0
         0
         0
         0
         0
         0
         0
         0
         0
         0
         0
         0
         0
         0
         0
         0
         0
         0
         0
         0
         0
         0
         0
         0
         0
         0
         0
         0
         0
         0
         0
         0
         0
         0
         0
         0
         0
         0
         0
         0
         0
         0
         0
         0
         0
         0
         0
         0
         0
         0
         0
         0
         0
         0
         0
         0
         0
         0
         0
         0
         0
         0
         0
         0
         0
         0
         0
         0
         0
         0
         0
         0
         0
         0
         0
         0
         0
         0
         0
         0
         0
         0
         0
         0
         0
         0
         0
         0
         0
         0
         0
         0
         0
         0
         0
         0
         0
         0
         0
         0
         0
         0
         0
         0
         0
         0
         0
         0
         0
         0
         0
         0
         0
         0
         0
         0
         0
         0
         0
         0
         0
         0
         0
         0
         0
         0
         0
         0
         0
         0
         0
         0
         0
         0
         0
         0
         0
         0
         0
         0
         0
         0
         0
         0
         0
         0
         0
         0
         0
         0
         0
         0
         0
         0
         0
         0
         0
         0
         0
         0
         0
         0
         0
         0
         0
         0
         0
         0
         0
         0
         0
         0
         0
         0
         0
         0
         0
         0
         0
         0
         0
         0
         0
         0
         0
         0
         0
         0
         0
         0
         0
         0
         0
         0
         0
         0
         0
         0
         0
         0
         0
         0
         0
         0
         0
         0
         0
         0
         0
         0
         0
         0
         0
         0
         0
         0
         0
         0
         0
         0
         0
         0
         0
         0
         0
         0
         0
         0
         0
         0
         0
         0
         0
         0
         0
         0
         0
         0
         0
         0
         0
         0
         0
         0
         0
         0
         0
         0
         0
         0
         0
         0
