         0
         0
         0
         0
         0
         0
         0
         0
         0
         0
         0
         0
         0
         0
         0
         0
         0
         0
         0
         0
         0
         0
         0
         0
         0
         0
         0
         0
         0
         0
         0
         0
         0
         0
         0
         0
         0
         0
         0
         0
         0
         0
         0
         0
         0
         0
         0
         0
         0
         0
         0
         0
         0
         0
         0
         0
         0
         0
         0
         0
         0
         0
         0
         0
         0
         0
         0
         0
         0
         0
         0
         0
         0
         0
         0
         0
         0
         0
         0
         0
         0
         0
         0
         0
         0
         0
         0
         0
         0
         0
         0
         0
         0
         0
         0
         0
         0
         0
         0
         0
         0
         0
         0
         0
         0
         0
         0
         0
         0
         0
         0
         0
         0
         0
         0
         0
         0
         0
         0
         0
         0
         0
         0
         0
         0
         0
         0
         0
         0
         0
         0
         0
         0
         0
         0
         0
         0
         0
         0
         0
         0
         0
         0
         0
         0
         0
         0
         0
         0
         0
         0
         0
         0
         0
         0
         0
         0
         0
         0
         0
         0
         0
         0
         1
         0
         1
         0
         0
         0
         1
         0
         0
         2
         2
         1
         0
         1
         3
         0
         1
         2
         5
         2
         2
         3
         2
         4
         5
         0
         1
         2
         4
         0
         6
         3
         5
         2
         6
         4
         3
         1
         3
         7
         6
         3
         2
         4
         5
         3
         3
         4
         1
         6
         7
         3
         3
         2
         4
         6
         2
         1
         3
         8
         5
         3
         9
         4
         3
         2
         7
         5
         6
         8
         4
         5
         5
         4
         5
         7
         4
         6
         4
        11
         8
         4
        10
         7
         7
         7
         8
         8
         4
         5
         4
         8
         8
        12
        11
         4
        10
        17
        12
         4
        16
        11
         9
         9
        11
         8
         8
         9
        12
        20
        14
        11
        10
         9
        12
        11
        13
        13
        13
        19
        15
        23
        18
        23
        13
        20
        25
        22
        25
        26
        31
        28
        27
        35
        36
        41
        33
        28
        63
        42
        56
        58
        65
        63
        85
        75
       101
        94
       121
       125
       151
       147
       166
       182
       205
       168
       223
       221
       230
       279
       297
       312
       315
       304
       359
       332
       376
       406
       409
       416
       389
       413
       382
       406
       409
       377
       395
       375
       367
       393
       309
       335
       349
       328
       297
       281
       247
       254
       258
       221
       193
       200
       170
       174
       164
       141
       143
       132
       107
       115
       112
        85
        97
        74
        73
        58
        62
        52
        59
        55
        65
        41
        37
        44
        24
        47
        31
        36
        32
        34
        32
        27
        31
        23
        23
        33
        24
        25
        19
        25
        22
        18
        27
        23
        13
        25
        26
        20
        17
        14
        17
        17
        21
        20
        17
        11
        18
        18
        17
        10
        13
        16
         7
        13
        11
        11
         9
        10
        16
        17
        11
        13
        18
        18
        13
        19
         8
        11
        17
        21
        15
        17
        15
        14
        12
        11
        11
        14
        11
        19
        10
        17
         9
        10
         9
        11
        13
        15
         9
        15
        15
         9
        11
         9
        17
        14
        11
         8
        12
         8
        21
         6
        14
        11
        14
         8
        15
         9
        10
         9
        12
         8
        11
         6
         7
         6
        11
        10
        11
         6
         9
         4
         5
         8
         5
         5
         7
         9
         9
         6
         5
         1
         4
         5
         3
         4
         8
         4
        10
         5
         4
         1
         5
         5
         4
         7
         2
         4
         3
         2
         1
         5
         5
         1
         6
         2
         2
         5
         5
         4
         0
         4
         2
         5
         1
         3
         4
         3
         5
         3
         2
         2
         1
         2
         6
         3
         1
         2
         3
         2
         2
         0
         3
         4
         1
         5
         1
         6
         0
         4
         1
         1
         2
         4
         4
         3
         2
         2
         1
         4
         1
         1
         1
         2
         1
         2
         2
         2
         4
         3
         3
         3
         1
         3
         3
         5
         2
         2
         4
         0
         1
         1
         3
         0
         4
         2
         0
         1
         1
         1
         1
         0
         2
         1
         2
         0
         0
         3
         0
         2
         2
         0
         0
         1
         1
         0
         1
         1
         2
         1
         1
         2
         1
         0
         1
         0
         1
         0
         1
         1
         1
         0
         2
         0
         0
         0
         0
         0
         1
         2
         0
         0
         1
         0
         1
         1
         1
         2
         1
         1
         0
         2
         0
         0
         0
         1
         1
         0
         1
         0
         1
         0
         0
         0
         1
         1
         2
         0
         0
         0
         1
         0
         0
         0
         0
         0
         0
         0
         0
         0
         0
         0
         0
         0
         0
         0
         0
         0
         0
         0
         0
         0
         0
         0
         0
         0
         0
         0
         0
         0
         0
         0
         0
         0
         0
         0
         0
         0
         0
         0
         0
         0
         0
         0
         0
         0
         0
         0
         0
         0
         0
         0
         0
         0
         0
         0
         0
         0
         0
         0
         0
         0
         0
         0
         0
         0
         0
         0
         0
         0
         0
         0
         0
         0
         0
         0
         0
         0
         0
         0
         0
         0
         0
         0
         0
         0
         0
         0
         0
         0
         0
         0
         0
         0
         0
         0
         0
         0
         0
         0
         0
         0
         0
         0
         0
         0
         0
         0
         0
         0
         0
         0
         0
         0
         0
         0
         0
         0
         0
         0
         0
         0
         0
         0
         0
         0
         0
         0
         0
         0
         0
         0
         0
         0
         0
         0
         0
         0
         0
         0
         0
         0
         0
         0
         0
         0
         0
         0
         0
         0
         0
         0
         0
         0
         0
         0
         0
         0
         0
         0
         0
         0
         0
         0
         0
         0
         0
         0
         0
         0
         0
         0
         0
         0
         0
         0
         0
         0
         0
         0
         0
         0
         0
         0
         0
         0
         0
         0
         0
         0
         0
         0
         0
         0
         0
         0
         0
         0
         0
         0
         0
         0
         0
         0
         0
         0
         0
         0
         0
         0
         0
         0
         0
         0
         0
         0
         0
         0
         0
         0
         0
         0
         0
         0
         0
         0
         0
         0
         0
         0
         0
         0
         0
         0
         0
         0
         0
         0
         0
         0
         0
         0
         0
         0
         0
         0
         0
         0
         0
         0
         0
         0
         0
         0
         0
         0
         0
         0
         0
         0
         0
         0
         0
         0
         0
         0
         0
         0
         0
         0
         0
         0
         0
         0
         0
         0
         0
         0
         0
         0
         0
         0
         0
         0
         0
         0
         0
         0
         0
         0
         0
         0
         0
         0
         0
         0
         0
         0
         0
         0
         0
         0
         0
         0
         0
         0
         0
         0
         0
         0
         0
         0
         0
         0
         0
         0
         0
         0
         0
         0
         0
         0
         0
         0
         0
         0
         0
         0
         0
         0
         0
         0
         0
         0
         0
         0
         0
         0
         0
         0
         0
         0
         0
         0
         0
         0
         0
         0
         0
         0
         0
         0
         0
         0
         0
         0
         0
         0
         0
         0
         0
