         0
         0
         0
         0
         0
         0
         0
         0
         0
         0
         0
         0
         0
         0
         0
         0
         0
         0
         0
         0
         0
         0
         0
         0
         0
         0
         0
         0
         0
         0
         0
         0
         0
         0
         0
         0
         0
         0
         0
         0
         0
         0
         0
         0
         0
         0
         0
         0
         0
         0
         0
         0
         0
         0
         0
         0
         0
         0
         0
         0
         0
         0
         0
         0
         0
         0
         0
         0
         0
         0
         0
         0
         0
         0
         0
         0
         0
         0
         0
         0
         0
         0
         0
         0
         0
         0
         0
         0
         0
         0
         0
         0
         0
         0
         0
         0
         0
         0
         0
         0
         0
         0
         0
         0
         0
         0
         0
         0
         0
         0
         0
         0
         0
         0
         0
         0
         0
         0
         0
         0
         0
         0
         0
         0
         0
         0
         0
         0
         0
         0
         0
         0
         0
         0
         0
         0
         0
         0
         0
         0
         0
         0
         0
         0
         0
         0
         0
         0
         0
         0
         0
         0
         0
         0
         0
         0
         0
         0
         0
         0
         0
         0
         0
         0
         0
         0
         0
         0
         0
         1
         2
         3
         1
         2
         0
         2
         1
         2
         4
         3
         3
         1
         2
         1
         1
         0
         1
         3
         1
         6
         0
         5
         0
         2
         3
         7
         4
         3
         4
         3
         1
         6
         3
         2
         6
         2
         3
         3
         1
         2
         4
         1
         3
         2
         1
         6
         3
         8
         3
         5
         6
         4
         4
         5
         3
         3
         3
         7
         4
         6
         5
         7
         9
         4
         6
         8
         6
         6
         5
         6
         6
        11
         5
         4
         8
         8
         5
         7
         4
         5
         3
         6
         5
         9
         7
        12
        12
         7
         8
         8
         9
         7
        11
         6
         5
        12
        10
         7
         6
         6
        11
         9
        12
         9
        12
        14
        15
        17
        13
        17
        11
        14
        15
        15
        14
        15
        12
        19
        22
        22
        23
        29
        30
        28
        33
        29
        33
        49
        32
        52
        39
        47
        46
        53
        67
        65
        68
        87
        71
        98
       103
       106
       126
       119
       151
       162
       146
       171
       183
       206
       258
       234
       246
       334
       278
       314
       338
       366
       379
       363
       404
       377
       368
       402
       410
       442
       392
       417
       434
       429
       413
       357
       396
       373
       370
       373
       370
       287
       359
       308
       294
       285
       251
       259
       248
       222
       217
       198
       205
       174
       169
       142
       141
       109
       122
       112
        86
       101
        93
       100
        83
        61
        66
        72
        60
        50
        52
        57
        43
        45
        59
        45
        40
        36
        51
        42
        27
        30
        28
        42
        27
        40
        28
        32
        32
        32
        27
        34
        30
        26
        27
        23
        25
        30
         8
        32
        31
        29
        24
        25
        21
        22
        24
        16
        16
        17
        15
        18
         9
        16
        13
        18
        17
        19
        13
        18
        16
        21
        15
        11
        13
        15
        19
        13
        17
        10
        10
        17
        14
        12
        15
         9
        13
        11
        12
        13
        18
        15
        14
        16
        18
        13
        11
        10
        14
        12
         7
        13
        15
        10
        10
         8
         6
         8
         6
         7
        10
         8
         9
         6
        12
         4
        10
        13
         8
        10
         6
         6
        11
         9
         4
         4
         6
         9
         1
         6
         8
         4
         5
         6
         9
         4
        10
        11
         5
         7
         2
         5
         3
         4
         4
         3
         6
         2
         4
         4
         4
         2
         6
         4
         3
         4
         1
         2
         5
         1
         4
         2
         4
         0
         1
         2
         1
         1
         0
         2
         4
         3
         2
         0
         3
         2
         3
         0
         2
         3
         3
         1
         4
         3
         4
         2
         3
         4
         1
         3
         2
         4
         1
         3
         2
         1
         6
         2
         3
         0
         2
         2
         2
         3
         1
         1
         1
         3
         0
         4
         3
         2
         1
         2
         2
         4
         1
         5
         2
         1
         1
         4
         0
         3
         1
         2
         1
         0
         2
         1
         3
         2
         1
         3
         2
         1
         1
         1
         4
         3
         2
         1
         0
         0
         0
         0
         3
         1
         1
         1
         2
         2
         3
         0
         1
         0
         4
         1
         0
         0
         6
         1
         0
         1
         2
         1
         1
         1
         1
         1
         1
         2
         0
         3
         2
         3
         2
         0
         0
         2
         2
         0
         0
         2
         1
         0
         1
         1
         0
         1
         2
         1
         1
         1
         0
         1
         0
         0
         0
         1
         0
         0
         2
         0
         0
         0
         1
         0
         0
         0
         0
         0
         0
         0
         0
         1
         0
         0
         0
         0
         0
         0
         0
         0
         0
         0
         0
         0
         0
         0
         0
         0
         0
         0
         0
         0
         0
         0
         0
         0
         0
         0
         0
         0
         0
         0
         0
         0
         0
         0
         0
         0
         0
         0
         0
         0
         0
         0
         0
         0
         0
         0
         0
         0
         0
         0
         0
         0
         0
         0
         0
         0
         0
         0
         0
         0
         0
         0
         0
         0
         0
         0
         0
         0
         0
         0
         0
         0
         0
         0
         0
         0
         0
         0
         0
         0
         0
         0
         0
         0
         0
         0
         0
         0
         0
         0
         0
         0
         0
         0
         0
         0
         0
         0
         0
         0
         0
         0
         0
         0
         0
         0
         0
         0
         0
         0
         0
         0
         0
         0
         0
         0
         0
         0
         0
         0
         0
         0
         0
         0
         0
         0
         0
         0
         0
         0
         0
         0
         0
         0
         0
         0
         0
         0
         0
         0
         0
         0
         0
         0
         0
         0
         0
         0
         0
         0
         0
         0
         0
         0
         0
         0
         0
         0
         0
         0
         0
         0
         0
         0
         0
         0
         0
         0
         0
         0
         0
         0
         0
         0
         0
         0
         0
         0
         0
         0
         0
         0
         0
         0
         0
         0
         0
         0
         0
         0
         0
         0
         0
         0
         0
         0
         0
         0
         0
         0
         0
         0
         0
         0
         0
         0
         0
         0
         0
         0
         0
         0
         0
         0
         0
         0
         0
         0
         0
         0
         0
         0
         0
         0
         0
         0
         0
         0
         0
         0
         0
         0
         0
         0
         0
         0
         0
         0
         0
         0
         0
         0
         0
         0
         0
         0
         0
         0
         0
         0
         0
         0
         0
         0
         0
         0
         0
         0
         0
         0
         0
         0
         0
         0
         0
         0
         0
         0
         0
         0
         0
         0
         0
         0
         0
         0
         0
         0
         0
         0
         0
         0
         0
         0
         0
         0
         0
         0
         0
         0
         0
         0
         0
         0
         0
         0
         0
         0
         0
         0
         0
         0
         0
         0
         0
         0
         0
         0
         0
         0
         0
         0
         0
         0
         0
         0
         0
         0
         0
         0
         0
         0
         0
         0
         0
         0
         0
         0
         0
         0
         0
         0
         0
         0
         0
         0
         0
         0
         0
         0
         0
         0
         0
         0
         0
         0
         0
         0
         0
         0
         0
         0
