         0
         0
         0
         0
         0
         0
         0
         0
         0
         0
         0
         0
         0
         0
         0
         0
         0
         0
         0
         0
         0
         0
         0
         0
         0
         0
         0
         0
         0
         0
         0
         0
         0
         0
         0
         0
         0
         0
         0
         0
         0
         0
         0
         0
         0
         0
         0
         0
         0
         0
         0
         0
         0
         0
         0
         0
         0
         0
         0
         0
         0
         0
         0
         0
         0
         0
         0
         0
         0
         0
         0
         0
         0
         0
         0
         0
         0
         0
         0
         0
         0
         0
         0
         0
         0
         0
         0
         0
         0
         0
         0
         0
         0
         0
         0
         0
         0
         0
         0
         0
         0
         0
         0
         0
         0
         0
         0
         0
         0
         0
         0
         0
         0
         0
         0
         0
         0
         0
         0
         0
         0
         0
         0
         0
         0
         0
         0
         0
         0
         0
         0
         0
         0
         0
         0
         0
         0
         0
         0
         0
         0
         0
         0
         0
         0
         0
         0
         0
         0
         0
         0
         0
         0
         0
         0
         0
         0
         0
         0
         0
         0
         0
         0
         0
         0
         0
         0
         0
         0
         2
         0
         1
         1
         1
         0
         2
         2
         4
         2
         1
         1
         2
         0
         3
         2
         1
         1
         3
         4
         1
         4
         3
         4
         2
         2
         1
         3
         2
         4
         2
        10
         4
         6
         5
         6
         1
         4
         2
         3
         9
         5
         5
         6
         4
         7
         1
         4
         6
         6
         5
         7
         3
         5
         6
        10
         5
         5
        10
         6
         4
        10
         6
         9
         5
         2
         7
         6
        10
        13
         7
        10
        12
        12
        11
         8
        12
         4
        12
        11
        11
         9
        11
        13
         9
        13
        10
        11
        13
        19
        23
        12
        10
        26
        21
        25
        20
        31
        19
        16
        28
        20
        32
        42
        20
        23
        34
        44
        41
        41
        55
        46
        70
        74
        56
        77
        78
        77
       101
        98
       127
       139
       162
       160
       174
       162
       195
       217
       209
       257
       264
       302
       312
       295
       348
       379
       396
       402
       387
       434
       414
       458
       407
       480
       489
       442
       450
       446
       444
       420
       388
       411
       403
       370
       409
       384
       340
       297
       305
       317
       271
       282
       247
       238
       227
       185
       194
       194
       137
       162
       172
       136
       137
       135
        90
       108
        94
        90
        89
        82
        64
        71
        56
        61
        74
        61
        41
        56
        46
        41
        40
        48
        39
        47
        37
        43
        39
        39
        33
        36
        37
        29
        26
        35
        21
        30
        26
        31
        19
        28
        35
        25
        19
        25
        25
        23
        20
        22
        17
        19
        17
        25
        16
        13
        12
        12
        27
        15
        18
        21
        20
        14
        15
        11
         7
        13
        12
        10
        10
        10
        12
        11
        12
         8
        14
        15
        13
         9
        14
        15
        11
        12
         8
        13
        13
         7
         9
        11
         8
         9
        12
         9
        15
        14
        11
        11
         8
         8
         9
        12
        12
        13
        11
         8
         7
         9
         9
         7
        13
         5
        11
        10
         8
        12
         8
         9
         5
         5
         7
         5
         7
         4
         5
         4
         6
         8
         7
        10
         6
         4
         7
         4
         5
         3
         6
         7
         3
         7
         3
         8
         4
         5
         1
         5
         7
         5
         2
         1
         4
         5
         2
         0
         5
         5
         5
         4
         6
         1
         3
         1
         6
         2
         4
         3
         3
         4
         3
         1
         0
         5
         5
         1
         2
         0
         1
         2
         3
         1
         3
         4
         3
         2
         5
         3
         2
         3
         4
         1
         3
         4
         1
         3
         3
         0
         3
         1
         1
         3
         3
         5
         2
         2
         2
         3
         4
         1
         1
         1
         1
         1
         4
         1
         2
         6
         0
         0
         2
         1
         2
         6
         5
         1
         3
         2
         3
         1
         2
         4
         1
         0
         0
         2
         1
         1
         1
         1
         1
         2
         0
         3
         5
         0
         3
         0
         1
         0
         1
         3
         5
         0
         0
         1
         1
         2
         5
         2
         0
         1
         3
         0
         0
         2
         2
         1
         1
         0
         0
         2
         1
         0
         1
         0
         1
         0
         1
         1
         0
         3
         1
         1
         0
         2
         0
         0
         1
         2
         1
         0
         2
         1
         1
         1
         0
         2
         0
         2
         2
         2
         2
         2
         1
         0
         0
         2
         1
         2
         0
         1
         2
         1
         0
         0
         0
         0
         1
         0
         1
         1
         0
         0
         1
         0
         1
         0
         0
         0
         0
         0
         0
         0
         0
         1
         0
         0
         0
         0
         0
         0
         0
         0
         0
         0
         0
         0
         0
         0
         0
         0
         0
         0
         0
         0
         0
         0
         0
         0
         0
         0
         0
         0
         0
         0
         0
         0
         0
         0
         0
         0
         0
         0
         0
         0
         0
         0
         0
         0
         0
         0
         0
         0
         0
         0
         0
         0
         0
         0
         0
         0
         0
         0
         0
         0
         0
         0
         0
         0
         0
         0
         0
         0
         0
         0
         0
         0
         0
         0
         0
         0
         0
         0
         0
         0
         0
         0
         0
         0
         0
         0
         0
         0
         0
         0
         0
         0
         0
         0
         0
         0
         0
         0
         0
         0
         0
         0
         0
         0
         0
         0
         0
         0
         0
         0
         0
         0
         0
         0
         0
         0
         0
         0
         0
         0
         0
         0
         0
         0
         0
         0
         0
         0
         0
         0
         0
         0
         0
         0
         0
         0
         0
         0
         0
         0
         0
         0
         0
         0
         0
         0
         0
         0
         0
         0
         0
         0
         0
         0
         0
         0
         0
         0
         0
         0
         0
         0
         0
         0
         0
         0
         0
         0
         0
         0
         0
         0
         0
         0
         0
         0
         0
         0
         0
         0
         0
         0
         0
         0
         0
         0
         0
         0
         0
         0
         0
         0
         0
         0
         0
         0
         0
         0
         0
         0
         0
         0
         0
         0
         0
         0
         0
         0
         0
         0
         0
         0
         0
         0
         0
         0
         0
         0
         0
         0
         0
         0
         0
         0
         0
         0
         0
         0
         0
         0
         0
         0
         0
         0
         0
         0
         0
         0
         0
         0
         0
         0
         0
         0
         0
         0
         0
         0
         0
         0
         0
         0
         0
         0
         0
         0
         0
         0
         0
         0
         0
         0
         0
         0
         0
         0
         0
         0
         0
         0
         0
         0
         0
         0
         0
         0
         0
         0
         0
         0
         0
         0
         0
         0
         0
         0
         0
         0
         0
         0
         0
         0
         0
         0
         0
         0
         0
         0
         0
         0
         0
         0
         0
         0
         0
         0
         0
         0
         0
         0
         0
         0
         0
         0
         0
         0
         0
         0
         0
         0
         0
         0
         0
         0
         0
         0
         0
         0
         0
         0
         0
         0
         0
         0
         0
         0
         0
         0
         0
         0
         0
         0
         0
         0
         0
         0
         0
         0
         0
         0
         0
         0
         0
