         0
         0
         0
         0
         0
         0
         0
         0
         0
         0
         0
         0
         0
         0
         0
         0
         0
         0
         0
         0
         0
         0
         0
         0
         0
         0
         0
         0
         0
         0
         0
         0
         0
         0
         0
         0
         0
         0
         0
         0
         0
         0
         0
         0
         0
         0
         0
         0
         0
         0
         0
         0
         0
         0
         0
         0
         0
         0
         0
         0
         0
         0
         0
         0
         0
         0
         0
         0
         0
         0
         0
         0
         0
         0
         0
         0
         0
         0
         0
         0
         0
         0
         0
         0
         0
         0
         0
         0
         0
         0
         0
         0
         0
         0
         0
         0
         0
         0
         0
         0
         0
         0
         0
         0
         0
         0
         0
         0
         0
         0
         0
         0
         0
         0
         0
         0
         0
         0
         0
         0
         0
         0
         0
         0
         0
         0
         0
         0
         0
         0
         0
         0
         0
         0
         0
         0
         0
         0
         0
         0
         0
         0
         0
         0
         0
         0
         0
         0
         0
         0
         0
         0
         0
         0
         0
         0
         0
         0
         0
         0
         0
         0
         0
         0
         0
         0
         0
         0
         1
         1
         0
         0
         1
         0
         1
         2
         0
         0
         1
         0
         0
         0
         1
         1
         1
         1
         0
         1
         4
         0
         2
         3
         2
         2
         2
         0
         0
         1
         0
         1
         0
         5
         0
         0
         0
         1
         1
         2
         1
         2
         0
         0
         1
         0
         0
         1
         0
         1
         2
         0
         1
         2
         1
         2
         2
         1
         3
         1
         2
         3
         0
         1
         1
         2
         1
         0
         0
         1
         2
         3
         0
         2
         2
         0
         1
         2
         2
         0
         1
         0
         1
         4
         1
         1
         3
         0
         1
         3
         0
         1
         2
         1
         1
         0
         0
         1
         2
         1
         2
         1
         0
         2
         4
         4
         1
         0
         0
         2
         3
         1
         1
         2
         2
         1
         1
         1
         1
         1
         3
         1
         1
         1
         1
         1
         4
         3
         2
         3
         0
         0
         3
         1
         1
         1
         3
         2
         3
         3
         2
         0
         3
         3
         2
         2
         2
         2
         5
         1
         3
         3
         1
         2
         4
         3
         1
         5
         4
         5
         4
         9
         6
         5
         6
        10
        10
         7
         6
         5
        13
        12
        13
        14
        16
        14
        17
        15
        15
        16
        16
        18
        22
        26
        33
        25
        28
        30
        29
        30
        34
        35
        37
        40
        31
        29
        24
        36
        21
        39
        38
        29
        21
        29
        23
        20
        28
        24
        26
        28
        20
        17
        22
        13
        13
        19
        13
        12
        11
         8
         7
         5
         5
         4
         7
         2
         6
         9
         3
         3
         2
         3
         1
         3
         3
         5
         5
         3
         3
         5
         1
         2
         2
         1
         4
         2
         2
         1
         2
         1
         2
         0
         1
         3
         3
         2
         2
         1
         2
         2
         2
         0
         2
         3
         5
         0
         1
         2
         5
         0
         1
         1
         1
         0
         3
         3
         2
         1
         1
         0
         0
         2
         0
         0
         1
         4
         2
         0
         0
         0
         3
         0
         5
         0
         0
         4
         1
         1
         0
         2
         1
         1
         1
         2
         0
         1
         1
         2
         2
         1
         0
         1
         1
         1
         1
         2
         2
         2
         1
         0
         0
         3
         5
         1
         0
         1
         4
         0
         1
         1
         3
         0
         0
         3
         0
         0
         2
         0
         1
         3
         1
         0
         4
         0
         0
         2
         0
         1
         1
         1
         0
         2
         1
         1
         2
         1
         0
         2
         1
         4
         0
         3
         1
         1
         2
         2
         1
         0
         0
         2
         0
         0
         1
         1
         0
         1
         1
         1
         4
         1
         2
         1
         1
         0
         0
         2
         0
         3
         2
         0
         1
         1
         1
         1
         0
         1
         3
         2
         0
         4
         2
         1
         1
         0
         3
         4
         2
         2
         2
         1
         0
         2
         0
         1
         0
         0
         1
         1
         1
         1
         1
         0
         1
         1
         1
         3
         2
         2
         1
         2
         1
         1
         1
         2
         2
         1
         1
         2
         1
         0
         1
         1
         1
         1
         2
         3
         1
         2
         2
         0
         1
         2
         0
         0
         2
         1
         1
         0
         1
         0
         1
         1
         2
         1
         0
         1
         1
         1
         0
         3
         0
         1
         1
         0
         3
         0
         1
         1
         0
         2
         1
         0
         2
         0
         0
         0
         1
         1
         1
         4
         0
         0
         0
         0
         0
         1
         0
         0
         0
         0
         0
         0
         0
         0
         0
         0
         0
         0
         0
         0
         0
         0
         0
         0
         0
         0
         0
         0
         0
         0
         0
         0
         0
         0
         0
         0
         0
         0
         0
         0
         0
         0
         0
         0
         0
         0
         0
         0
         0
         0
         0
         0
         0
         0
         0
         0
         0
         0
         0
         0
         0
         0
         0
         0
         0
         0
         0
         0
         0
         0
         0
         0
         0
         0
         0
         0
         0
         0
         0
         0
         0
         0
         0
         0
         0
         0
         0
         0
         0
         0
         0
         0
         0
         0
         0
         0
         0
         0
         0
         0
         0
         0
         0
         0
         0
         0
         0
         0
         0
         0
         0
         0
         0
         0
         0
         0
         0
         0
         0
         0
         0
         0
         0
         0
         0
         0
         0
         0
         0
         0
         0
         0
         0
         0
         0
         0
         0
         0
         0
         0
         0
         0
         0
         0
         0
         0
         0
         0
         0
         0
         0
         0
         0
         0
         0
         0
         0
         0
         0
         0
         0
         0
         0
         0
         0
         0
         0
         0
         0
         0
         0
         0
         0
         0
         0
         0
         0
         0
         0
         0
         0
         0
         0
         0
         0
         0
         0
         0
         0
         0
         0
         0
         0
         0
         0
         0
         0
         0
         0
         0
         0
         0
         0
         0
         0
         0
         0
         0
         0
         0
         0
         0
         0
         0
         0
         0
         0
         0
         0
         0
         0
         0
         0
         0
         0
         0
         0
         0
         0
         0
         0
         0
         0
         0
         0
         0
         0
         0
         0
         0
         0
         0
         0
         0
         0
         0
         0
         0
         0
         0
         0
         0
         0
         0
         0
         0
         0
         0
         0
         0
         0
         0
         0
         0
         0
         0
         0
         0
         0
         0
         0
         0
         0
         0
         0
         0
         0
         0
         0
         0
         0
         0
         0
         0
         0
         0
         0
         0
         0
         0
         0
         0
         0
         0
         0
         0
         0
         0
         0
         0
         0
         0
         0
         0
         0
         0
         0
         0
         0
         0
         0
         0
         0
         0
         0
         0
         0
         0
         0
         0
         0
         0
         0
         0
         0
         0
         0
         0
         0
         0
         0
         0
         0
         0
         0
         0
         0
         0
         0
         0
         0
         0
         0
         0
         0
         0
         0
         0
         0
         0
         0
         0
         0
         0
         0
         0
         0
         0
         0
         0
         0
         0
         0
         0
         0
         0
