         0
         0
         0
         0
         0
         0
         0
         0
         0
         0
         0
         0
         0
         0
         0
         0
         0
         0
         0
         0
         0
         0
         0
         0
         0
         0
         0
         0
         0
         0
         0
         0
         0
         0
         0
         0
         0
         0
         0
         0
         0
         0
         0
         0
         0
         0
         0
         0
         0
         0
         0
         0
         0
         0
         0
         0
         0
         0
         0
         0
         0
         0
         0
         0
         0
         0
         0
         0
         0
         0
         0
         0
         0
         0
         0
         0
         0
         0
         0
         0
         0
         0
         0
         0
         0
         0
         0
         0
         0
         0
         0
         0
         0
         0
         0
         0
         0
         0
         0
         0
         0
         0
         0
         0
         0
         0
         0
         0
         0
         0
         0
         0
         0
         0
         0
         0
         0
         0
         0
         0
         0
         0
         0
         0
         0
         0
         0
         0
         0
         0
         0
         0
         0
         0
         0
         0
         0
         0
         0
         0
         0
         0
         0
         0
         0
         0
         0
         0
         0
         0
         0
         0
         0
         0
         0
         0
         0
         0
         0
         0
         0
         0
         0
         0
         0
         0
         0
         0
         0
         0
         0
         0
         1
         1
         0
         0
         0
         2
         0
         1
         0
         0
         2
         0
         0
         0
         0
         0
         0
         0
         2
         1
         0
         1
         0
         0
         2
         2
         1
         3
         0
         1
         0
         1
         1
         1
         4
         2
         2
         2
         3
         1
         0
         2
         1
         2
         2
         1
         3
         1
         1
         3
         2
         2
         1
         2
         0
         0
         2
         1
         0
         0
         1
         2
         1
         1
         0
         1
         0
         1
         6
         2
         2
         3
         1
         4
         1
         1
         2
         3
         2
         0
         2
         0
         3
         1
         1
         0
         0
         3
         3
         1
         1
         2
         3
         0
         0
         0
         1
         0
         0
         2
         3
         1
         3
         0
         3
         1
         0
         3
         2
         3
         1
         2
         2
         1
         2
         3
         0
         3
         1
         1
         2
         2
         1
         1
         3
         1
         0
         0
         3
         2
         1
         4
         3
         1
         1
         1
         0
         1
         2
         0
         3
         1
         2
         1
         0
         2
         2
         1
         0
         2
         1
         2
         1
         1
         3
         2
         3
         4
         3
         1
         2
         1
         0
         1
         1
         2
         2
         0
         3
         1
         4
         2
         2
         4
         4
         2
         6
         4
         9
         1
         3
         5
         3
         3
         5
         3
         9
        14
         8
         9
        14
        18
        13
        14
        14
        22
        16
        20
        20
        34
        22
        28
        36
        33
        33
        29
        29
        36
        36
        36
        33
        22
        21
        31
        38
        23
        25
        27
        27
        27
        17
        20
        15
        23
        13
        18
        11
        24
        24
        14
        16
        16
         4
         9
        20
        11
         7
         5
         8
         7
         6
         4
         2
         5
         5
         7
         5
         6
         3
         5
         7
         2
         2
         2
         5
         2
         3
         3
         3
         0
         2
         2
         3
         1
         2
         3
         4
         1
         2
         2
         2
         2
         1
         3
         2
         3
         4
         0
         1
         5
         2
         0
         2
         0
         1
         2
         3
         2
         1
         0
         1
         1
         3
         2
         1
         1
         4
         2
         2
         0
         1
         2
         3
         0
         2
         4
         1
         2
         2
         1
         1
         2
         5
         1
         2
         3
         0
         4
         0
         0
         2
         0
         2
         1
         1
         0
         1
         1
         0
         0
         1
         0
         1
         2
         0
         2
         2
         1
         2
         1
         1
         1
         1
         0
         3
         1
         2
         0
         0
         2
         0
         3
         2
         1
         1
         0
         0
         1
         1
         1
         1
         1
         1
         0
         0
         1
         0
         0
         1
         0
         1
         1
         2
         1
         1
         3
         4
         1
         1
         2
         4
         0
         3
         1
         0
         1
         1
         1
         0
         0
         2
         1
         0
         0
         3
         3
         3
         1
         3
         1
         2
         2
         1
         0
         1
         0
         1
         3
         1
         3
         4
         2
         1
         1
         2
         0
         1
         0
         0
         2
         1
         0
         2
         1
         0
         0
         0
         0
         1
         0
         2
         1
         1
         2
         2
         3
         0
         1
         2
         0
         2
         1
         1
         2
         1
         5
         1
         0
         1
         1
         2
         4
         2
         0
         0
         0
         0
         1
         0
         0
         2
         0
         2
         0
         3
         0
         1
         2
         1
         1
         0
         1
         0
         0
         2
         0
         1
         0
         1
         2
         1
         0
         0
         0
         0
         0
         0
         0
         0
         1
         0
         0
         0
         0
         0
         0
         0
         0
         0
         0
         0
         0
         0
         0
         0
         0
         0
         0
         0
         0
         0
         0
         0
         0
         0
         0
         0
         0
         0
         0
         0
         0
         0
         0
         0
         0
         0
         0
         0
         0
         0
         0
         0
         0
         0
         0
         0
         0
         0
         0
         0
         0
         0
         0
         0
         0
         0
         0
         0
         0
         0
         0
         0
         0
         0
         0
         0
         0
         0
         0
         0
         0
         0
         0
         0
         0
         0
         0
         0
         0
         0
         0
         0
         0
         0
         0
         0
         0
         0
         0
         0
         0
         0
         0
         0
         0
         0
         0
         0
         0
         0
         0
         0
         0
         0
         0
         0
         0
         0
         0
         0
         0
         0
         0
         0
         0
         0
         0
         0
         0
         0
         0
         0
         0
         0
         0
         0
         0
         0
         0
         0
         0
         0
         0
         0
         0
         0
         0
         0
         0
         0
         0
         0
         0
         0
         0
         0
         0
         0
         0
         0
         0
         0
         0
         0
         0
         0
         0
         0
         0
         0
         0
         0
         0
         0
         0
         0
         0
         0
         0
         0
         0
         0
         0
         0
         0
         0
         0
         0
         0
         0
         0
         0
         0
         0
         0
         0
         0
         0
         0
         0
         0
         0
         0
         0
         0
         0
         0
         0
         0
         0
         0
         0
         0
         0
         0
         0
         0
         0
         0
         0
         0
         0
         0
         0
         0
         0
         0
         0
         0
         0
         0
         0
         0
         0
         0
         0
         0
         0
         0
         0
         0
         0
         0
         0
         0
         0
         0
         0
         0
         0
         0
         0
         0
         0
         0
         0
         0
         0
         0
         0
         0
         0
         0
         0
         0
         0
         0
         0
         0
         0
         0
         0
         0
         0
         0
         0
         0
         0
         0
         0
         0
         0
         0
         0
         0
         0
         0
         0
         0
         0
         0
         0
         0
         0
         0
         0
         0
         0
         0
         0
         0
         0
         0
         0
         0
         0
         0
         0
         0
         0
         0
         0
         0
         0
         0
         0
         0
         0
         0
         0
         0
         0
         0
         0
         0
         0
         0
         0
         0
         0
         0
         0
         0
         0
         0
         0
         0
         0
         0
         0
         0
         0
         0
         0
         0
         0
         0
         0
         0
         0
         0
         0
         0
         0
         0
         0
         0
         0
         0
         0
         0
         0
         0
         0
         0
         0
         0
         0
         0
         0
         0
