         0
         0
         0
         0
         0
         0
         0
         0
         0
         0
         0
         0
         0
         0
         0
         0
         0
         0
         0
         0
         0
         0
         0
         0
         0
         0
         0
         0
         0
         0
         0
         0
         0
         0
         0
         0
         0
         0
         0
         0
         0
         0
         0
         0
         0
         0
         0
         0
         0
         0
         0
         0
         0
         0
         0
         0
         0
         0
         0
         0
         0
         0
         0
         0
         0
         0
         0
         0
         0
         0
         0
         0
         0
         0
         0
         0
         0
         0
         0
         0
         0
         0
         0
         0
         0
         0
         0
         0
         0
         0
         0
         0
         0
         0
         0
         0
         0
         0
         0
         0
         0
         0
         0
         0
         0
         0
         0
         0
         0
         0
         0
         0
         0
         0
         0
         0
         0
         0
         0
         0
         0
         0
         0
         0
         0
         0
         0
         0
         0
         0
         0
         0
         0
         0
         0
         0
         0
         0
         0
         0
         0
         0
         0
         0
         0
         0
         0
         0
         0
         0
         0
         0
         0
         0
         0
         0
         0
         0
         0
         0
         0
         0
         0
         0
         0
         0
         0
         0
         0
         1
         1
         0
         0
         0
         0
         0
         0
         0
         2
         2
         1
         0
         1
         0
         2
         1
         0
         1
         1
         2
         1
         1
         0
         1
         2
         0
         0
         0
         1
         0
         0
         0
         0
         1
         0
         0
         1
         0
         0
         2
         1
         0
         2
         2
         0
         1
         1
         1
         4
         0
         0
         1
         1
         1
         0
         1
         1
         1
         2
         1
         2
         0
         1
         0
         0
         1
         0
         2
         3
         0
         1
         0
         1
         0
         0
         1
         1
         0
         0
         2
         0
         2
         2
         1
         3
         0
         1
         1
         2
         1
         1
         2
         0
         0
         6
         1
         2
         1
         2
         0
         0
         0
         1
         0
         1
         2
         3
         0
         1
         0
         2
         1
         0
         1
         0
         0
         0
         2
         2
         1
         1
         3
         1
         1
         1
         1
         2
         2
         0
         2
         1
         2
         2
         3
         4
         0
         0
         3
         3
         4
         1
         2
         1
         0
         0
         0
         1
         4
         1
         4
         1
         2
         3
         3
         1
         1
         2
         1
         1
         1
         2
         5
         0
         0
         0
         4
         0
         3
         3
         1
         0
         0
         0
         4
         2
         1
         0
         3
         1
         5
         2
         3
         2
         3
         6
         3
         3
         4
         2
         1
         0
         2
         3
         5
         3
         3
         7
         7
         6
         6
        10
         6
         6
         3
        13
         8
         6
        13
        15
        12
        21
        16
        15
        13
        15
        22
        15
        23
        29
        23
        23
        20
        30
        33
        22
        27
        15
        24
        22
        32
        35
        20
        34
        19
        29
        35
        22
        20
        23
        19
        24
        25
        27
        13
        13
        15
         7
        14
        14
        10
         9
        13
         5
        10
         3
         6
        12
         8
         5
        14
         5
         3
         4
         3
         6
         1
         4
         3
         5
         2
         4
         0
         4
         4
         0
         1
         4
         2
         4
         1
         4
         2
         2
         2
         1
         3
         1
         2
         0
         2
         2
         1
         1
         2
         4
         0
         2
         3
         3
         2
         2
         1
         0
         1
         0
         0
         1
         1
         0
         2
         6
         2
         2
         3
         3
         3
         1
         1
         1
         0
         0
         3
         0
         0
         1
         3
         0
         0
         1
         3
         1
         2
         1
         3
         4
         2
         1
         0
         2
         2
         1
         0
         1
         1
         3
         0
         3
         0
         3
         0
         0
         5
         1
         1
         0
         3
         1
         0
         3
         0
         0
         2
         2
         1
         2
         0
         3
         1
         1
         2
         1
         1
         0
         4
         1
         2
         3
         1
         0
         0
         1
         0
         0
         0
         1
         3
         2
         2
         3
         1
         0
         1
         2
         0
         0
         0
         1
         1
         0
         1
         1
         2
         4
         0
         2
         4
         1
         1
         0
         1
         2
         6
         1
         3
         1
         1
         1
         1
         4
         2
         0
         1
         1
         1
         1
         3
         2
         1
         0
         1
         0
         0
         0
         0
         4
         2
         2
         1
         2
         2
         0
         2
         1
         1
         0
         1
         5
         2
         2
         3
         3
         1
         0
         1
         1
         3
         0
         0
         0
         3
         3
         2
         2
         2
         1
         2
         1
         2
         1
         1
         3
         1
         1
         0
         1
         2
         2
         0
         1
         0
         0
         0
         0
         1
         1
         0
         1
         0
         0
         2
         0
         1
         0
         0
         1
         1
         0
         0
         0
         0
         0
         0
         0
         0
         0
         0
         0
         0
         0
         0
         0
         0
         0
         0
         0
         0
         0
         0
         0
         0
         0
         0
         0
         0
         0
         0
         0
         0
         0
         0
         0
         0
         0
         0
         0
         0
         0
         0
         0
         0
         0
         0
         0
         0
         0
         0
         0
         0
         0
         0
         0
         0
         0
         0
         0
         0
         0
         0
         0
         0
         0
         0
         0
         0
         0
         0
         0
         0
         0
         0
         0
         0
         0
         0
         0
         0
         0
         0
         0
         0
         0
         0
         0
         0
         0
         0
         0
         0
         0
         0
         0
         0
         0
         0
         0
         0
         0
         0
         0
         0
         0
         0
         0
         0
         0
         0
         0
         0
         0
         0
         0
         0
         0
         0
         0
         0
         0
         0
         0
         0
         0
         0
         0
         0
         0
         0
         0
         0
         0
         0
         0
         0
         0
         0
         0
         0
         0
         0
         0
         0
         0
         0
         0
         0
         0
         0
         0
         0
         0
         0
         0
         0
         0
         0
         0
         0
         0
         0
         0
         0
         0
         0
         0
         0
         0
         0
         0
         0
         0
         0
         0
         0
         0
         0
         0
         0
         0
         0
         0
         0
         0
         0
         0
         0
         0
         0
         0
         0
         0
         0
         0
         0
         0
         0
         0
         0
         0
         0
         0
         0
         0
         0
         0
         0
         0
         0
         0
         0
         0
         0
         0
         0
         0
         0
         0
         0
         0
         0
         0
         0
         0
         0
         0
         0
         0
         0
         0
         0
         0
         0
         0
         0
         0
         0
         0
         0
         0
         0
         0
         0
         0
         0
         0
         0
         0
         0
         0
         0
         0
         0
         0
         0
         0
         0
         0
         0
         0
         0
         0
         0
         0
         0
         0
         0
         0
         0
         0
         0
         0
         0
         0
         0
         0
         0
         0
         0
         0
         0
         0
         0
         0
         0
         0
         0
         0
         0
         0
         0
         0
         0
         0
         0
         0
         0
         0
         0
         0
         0
         0
         0
         0
         0
         0
         0
         0
         0
         0
         0
         0
         0
         0
         0
         0
         0
         0
         0
         0
         0
         0
         0
         0
         0
         0
         0
         0
         0
         0
         0
         0
         0
         0
         0
         0
         0
         0
         0
         0
         0
         0
         0
         0
         0
         0
         0
         0
         0
         0
         0
         0
         0
         0
         0
         0
         0
