         0
         0
         0
         0
         0
         0
         0
         0
         0
         0
         0
         0
         0
         0
         0
         0
         0
         0
         0
         0
         0
         0
         0
         0
         0
         0
         0
         0
         0
         0
         0
         0
         0
         0
         0
         0
         0
         0
         0
         0
         0
         0
         0
         0
         0
         0
         0
         0
         0
         0
         0
         0
         0
         0
         0
         0
         0
         0
         0
         0
         0
         0
         0
         0
         0
         0
         0
         0
         0
         0
         0
         0
         0
         0
         0
         0
         0
         0
         0
         0
         0
         0
         0
         0
         0
         0
         0
         0
         0
         0
         0
         0
         0
         0
         0
         0
         0
         0
         0
         0
         0
         0
         0
         0
         0
         0
         0
         0
         0
         0
         0
         0
         0
         0
         0
         0
         0
         0
         0
         0
         0
         0
         0
         0
         0
         0
         0
         0
         0
         0
         0
         0
         0
         0
         0
         0
         0
         0
         0
         0
         0
         0
         0
         0
         0
         0
         0
         0
         0
         0
         0
         0
         0
         0
         0
         0
         0
         0
         0
         0
         0
         0
         0
         0
         0
         1
         0
         0
         0
         1
         1
         0
         0
         1
         0
         0
         0
         0
         0
         1
         1
         0
         1
         0
         3
         0
         1
         2
         0
         0
         1
         2
         0
         1
         0
         1
         0
         2
         2
         4
         2
         1
         0
         1
         0
         2
         2
         3
         3
         3
         2
         1
         0
         2
         1
         3
         2
         0
         0
         2
         1
         0
         0
         0
         1
         1
         0
         2
         3
         1
         0
         1
         0
         0
         2
         1
         1
         0
         1
         1
         2
         1
         1
         2
         2
         3
         1
         1
         2
         1
         4
         0
         1
         0
         1
         4
         1
         1
         1
         3
         0
         1
         1
         1
         1
         0
         4
         2
         2
         1
         1
         1
         3
         6
         0
         0
         1
         1
         1
         0
         1
         2
         1
         3
         4
         2
         3
         2
         3
         0
         0
         0
         1
         3
         1
         1
         1
         1
         1
         2
         0
         2
         0
         0
         3
         2
         2
         5
         1
         0
         3
         1
         0
         1
         1
         0
         1
         1
         0
         3
         1
         2
         1
         0
         2
         0
         2
         1
         1
         0
         2
         0
         2
         1
         1
         1
         1
         3
         1
         3
         0
         4
         4
         0
         4
         4
         4
         2
         1
         2
         2
         2
         2
         2
         1
         1
         2
         3
        10
         3
         3
         1
         2
         2
         1
         1
         4
         1
         5
         1
        10
         6
         8
        12
         7
         5
         9
         7
        14
        11
        12
        14
        14
        11
        13
        18
        10
        17
        21
        21
        18
        27
        23
        25
        23
        21
        21
        25
        24
        20
        20
        32
        32
        31
        21
        27
        29
        27
        27
        19
        20
        23
        21
        21
        20
         5
        19
        17
        17
        17
         9
         9
         8
        18
         5
         6
         8
        10
         5
        11
         7
         4
         2
         3
         7
         5
         4
         3
         0
         3
         6
         4
         1
         5
         3
         4
         1
         4
         3
         3
         3
         2
         0
         9
         2
         3
         1
         3
         4
         3
         3
         1
         0
         4
         3
         2
         4
         2
         1
         1
         2
         1
         1
         4
         1
         5
         0
         2
         3
         2
         1
         1
         3
         0
         2
         2
         3
         2
         3
         4
         0
         1
         1
         0
         2
         1
         2
         1
         1
         0
         4
         0
         1
         1
         2
         1
         1
         2
         1
         1
         1
         2
         2
         1
         0
         2
         2
         1
         2
         2
         2
         0
         2
         0
         0
         0
         1
         4
         0
         1
         1
         1
         2
         0
         2
         2
         0
         2
         2
         2
         4
         0
         4
         3
         0
         1
         2
         1
         1
         1
         2
         1
         0
         0
         2
         0
         2
         0
         0
         2
         2
         6
         2
         2
         0
         5
         1
         2
         3
         1
         2
         2
         1
         0
         2
         0
         0
         1
         2
         0
         0
         0
         0
         0
         2
         1
         2
         1
         0
         3
         1
         1
         1
         3
         2
         3
         1
         1
         1
         1
         5
         0
         1
         1
         1
         2
         3
         2
         2
         2
         1
         1
         1
         0
         0
         2
         0
         0
         0
         1
         2
         0
         0
         2
         2
         1
         1
         2
         1
         0
         0
         1
         0
         0
         0
         1
         0
         1
         0
         0
         0
         0
         1
         1
         1
         2
         0
         1
         0
         0
         1
         1
         0
         0
         1
         0
         0
         0
         0
         0
         0
         1
         0
         0
         0
         1
         0
         0
         0
         1
         0
         0
         0
         0
         0
         0
         0
         0
         0
         0
         0
         0
         0
         0
         0
         0
         0
         0
         0
         0
         0
         0
         0
         0
         0
         0
         0
         0
         0
         0
         0
         0
         0
         0
         0
         0
         0
         0
         0
         0
         0
         0
         0
         0
         0
         0
         0
         0
         0
         0
         0
         0
         0
         0
         0
         0
         0
         0
         0
         0
         0
         0
         0
         0
         0
         0
         0
         0
         0
         0
         0
         0
         0
         0
         0
         0
         0
         0
         0
         0
         0
         0
         0
         0
         0
         0
         0
         0
         0
         0
         0
         0
         0
         0
         0
         0
         0
         0
         0
         0
         0
         0
         0
         0
         0
         0
         0
         0
         0
         0
         0
         0
         0
         0
         0
         0
         0
         0
         0
         0
         0
         0
         0
         0
         0
         0
         0
         0
         0
         0
         0
         0
         0
         0
         0
         0
         0
         0
         0
         0
         0
         0
         0
         0
         0
         0
         0
         0
         0
         0
         0
         0
         0
         0
         0
         0
         0
         0
         0
         0
         0
         0
         0
         0
         0
         0
         0
         0
         0
         0
         0
         0
         0
         0
         0
         0
         0
         0
         0
         0
         0
         0
         0
         0
         0
         0
         0
         0
         0
         0
         0
         0
         0
         0
         0
         0
         0
         0
         0
         0
         0
         0
         0
         0
         0
         0
         0
         0
         0
         0
         0
         0
         0
         0
         0
         0
         0
         0
         0
         0
         0
         0
         0
         0
         0
         0
         0
         0
         0
         0
         0
         0
         0
         0
         0
         0
         0
         0
         0
         0
         0
         0
         0
         0
         0
         0
         0
         0
         0
         0
         0
         0
         0
         0
         0
         0
         0
         0
         0
         0
         0
         0
         0
         0
         0
         0
         0
         0
         0
         0
         0
         0
         0
         0
         0
         0
         0
         0
         0
         0
         0
         0
         0
         0
         0
         0
         0
         0
         0
         0
         0
         0
         0
         0
         0
         0
         0
         0
         0
         0
         0
         0
         0
         0
         0
         0
         0
         0
         0
         0
         0
         0
         0
         0
         0
         0
         0
         0
         0
         0
         0
         0
         0
         0
         0
         0
         0
         0
         0
         0
         0
         0
         0
         0
         0
         0
         0
         0
         0
         0
         0
         0
         0
         0
         0
         0
         0
         0
         0
         0
         0
         0
         0
         0
