         0
         0
         0
         0
         0
         0
         0
         0
         0
         0
         0
         0
         0
         0
         0
         0
         0
         0
         0
         0
         0
         0
         0
         0
         0
         0
         0
         0
         0
         0
         0
         0
         0
         0
         0
         0
         0
         0
         0
         0
         0
         0
         0
         0
         0
         0
         0
         0
         0
         0
         0
         0
         0
         0
         0
         0
         0
         0
         0
         0
         0
         0
         0
         0
         0
         0
         0
         0
         0
         0
         0
         0
         0
         0
         0
         0
         0
         0
         0
         0
         0
         0
         0
         0
         0
         0
         0
         0
         0
         0
         0
         0
         0
         0
         0
         0
         0
         0
         0
         0
         0
         0
         0
         0
         0
         0
         0
         0
         0
         0
         0
         0
         0
         0
         0
         0
         0
         0
         0
         0
         0
         0
         0
         0
         0
         0
         0
         0
         0
         0
         0
         0
         0
         0
         0
         0
         0
         0
         0
         0
         0
         0
         0
         0
         0
         0
         0
         0
         0
         0
         0
         0
         0
         0
         0
         0
         0
         1
         0
         0
         0
         0
         0
         2
         0
         0
         0
         0
         0
         0
         0
         0
         0
         1
         0
         1
         1
         1
         2
         0
         0
         2
         0
         0
         1
         0
         1
         1
         0
         0
         1
         0
         0
         0
         1
         1
         0
         0
         1
         0
         0
         0
         1
         1
         1
         1
         1
         3
         4
         0
         2
         1
         2
         1
         0
         1
         0
         0
         0
         1
         2
         3
         0
         3
         1
         0
         2
         1
         0
         0
         0
         0
         4
         1
         2
         0
         0
         1
         3
         3
         2
         2
         2
         1
         5
         1
         1
         0
         2
         3
         0
         1
         1
         3
         1
         1
         2
         2
         2
         0
         4
         1
         3
         1
         0
         2
         0
         2
         1
         1
         1
         1
         1
         1
         0
         1
         0
         2
         1
         1
         4
         1
         0
         1
         1
         4
         0
         0
         0
         0
         1
         3
         3
         2
         3
         1
         1
         1
         0
         0
         0
         1
         3
         1
         0
         0
         2
         1
         0
         0
         0
         0
         2
         3
         3
         1
         1
         1
         0
         2
         1
         1
         0
         0
         1
         1
         2
         3
         5
         1
         1
         0
         2
         3
         3
         2
         2
         1
         0
         3
         4
         1
         4
         1
         1
         3
         1
         1
         4
         2
         3
         2
         0
         1
         1
         1
         4
         2
         2
         1
         1
         5
         3
         5
         5
         5
         3
         9
         3
         2
         1
         6
         7
         6
         6
         3
         6
        10
         8
         7
         8
        11
         8
        13
        15
        13
         5
        11
        12
        13
        12
        28
        19
        14
        17
        16
        24
        19
        17
        25
        25
        18
        17
        13
        20
        26
        22
        18
        19
        18
        19
        17
        25
        16
         6
        15
        20
        20
        13
        16
        11
         9
         8
        13
        16
        16
        10
         7
         9
        10
        14
         9
         8
         7
         7
         5
         5
         6
         2
         6
         4
         2
         3
         6
         3
         3
         4
         1
         3
         2
         5
         2
         1
         3
         8
         3
         0
         4
         2
         3
         2
         1
         3
         1
         1
         2
         2
         1
         5
         0
         1
         1
         3
         2
         0
         2
         1
         0
         1
         2
         0
         0
         2
         4
         2
         1
         5
         1
         1
         2
         2
         0
         1
         1
         3
         0
         2
         2
         4
         1
         2
         3
         2
         0
         1
         2
         3
         1
         0
         1
         3
         1
         0
         0
         2
         2
         3
         0
         0
         1
         2
         1
         1
         1
         1
         2
         1
         0
         2
         2
         0
         3
         1
         1
         2
         0
         0
         1
         1
         1
         3
         1
         1
         3
         1
         1
         1
         0
         0
         3
         1
         2
         2
         2
         2
         4
         1
         1
         1
         0
         1
         0
         0
         1
         1
         0
         1
         2
         2
         0
         3
         1
         0
         0
         1
         0
         3
         1
         0
         2
         1
         1
         0
         2
         2
         0
         2
         3
         3
         1
         1
         1
         3
         3
         3
         2
         1
         0
         1
         2
         1
         0
         1
         1
         0
         0
         1
         0
         1
         1
         1
         0
         2
         3
         1
         0
         1
         2
         0
         1
         0
         2
         1
         3
         2
         1
         2
         2
         1
         0
         1
         1
         1
         1
         1
         1
         0
         3
         1
         1
         1
         1
         1
         1
         0
         0
         0
         0
         0
         0
         0
         0
         1
         0
         1
         0
         0
         1
         1
         0
         0
         0
         0
         1
         0
         0
         1
         0
         0
         1
         0
         0
         0
         0
         0
         0
         0
         0
         0
         0
         0
         0
         0
         0
         0
         0
         0
         0
         0
         0
         0
         0
         0
         0
         0
         0
         0
         0
         0
         0
         0
         0
         0
         0
         0
         0
         0
         0
         0
         0
         0
         0
         0
         0
         0
         0
         0
         0
         0
         0
         0
         0
         0
         0
         0
         0
         0
         0
         0
         0
         0
         0
         0
         0
         0
         0
         0
         0
         0
         0
         0
         0
         0
         0
         0
         0
         0
         0
         0
         0
         0
         0
         0
         0
         0
         0
         0
         0
         0
         0
         0
         0
         0
         0
         0
         0
         0
         0
         0
         0
         0
         0
         0
         0
         0
         0
         0
         0
         0
         0
         0
         0
         0
         0
         0
         0
         0
         0
         0
         0
         0
         0
         0
         0
         0
         0
         0
         0
         0
         0
         0
         0
         0
         0
         0
         0
         0
         0
         0
         0
         0
         0
         0
         0
         0
         0
         0
         0
         0
         0
         0
         0
         0
         0
         0
         0
         0
         0
         0
         0
         0
         0
         0
         0
         0
         0
         0
         0
         0
         0
         0
         0
         0
         0
         0
         0
         0
         0
         0
         0
         0
         0
         0
         0
         0
         0
         0
         0
         0
         0
         0
         0
         0
         0
         0
         0
         0
         0
         0
         0
         0
         0
         0
         0
         0
         0
         0
         0
         0
         0
         0
         0
         0
         0
         0
         0
         0
         0
         0
         0
         0
         0
         0
         0
         0
         0
         0
         0
         0
         0
         0
         0
         0
         0
         0
         0
         0
         0
         0
         0
         0
         0
         0
         0
         0
         0
         0
         0
         0
         0
         0
         0
         0
         0
         0
         0
         0
         0
         0
         0
         0
         0
         0
         0
         0
         0
         0
         0
         0
         0
         0
         0
         0
         0
         0
         0
         0
         0
         0
         0
         0
         0
         0
         0
         0
         0
         0
         0
         0
         0
         0
         0
         0
         0
         0
         0
         0
         0
         0
         0
         0
         0
         0
         0
         0
         0
         0
         0
         0
         0
         0
         0
         0
         0
         0
         0
         0
         0
         0
         0
         0
         0
         0
         0
         0
         0
         0
         0
         0
         0
         0
         0
         0
         0
         0
         0
         0
         0
         0
         0
         0
         0
         0
         0
         0
         0
         0
         0
         0
         0
         0
         0
         0
         0
