         0
         0
         0
         0
         0
         0
         0
         0
         0
         0
         0
         0
         0
         0
         0
         0
         0
         0
         0
         0
         0
         0
         0
         0
         0
         0
         0
         0
         0
         0
         0
         0
         0
         0
         0
         0
         0
         0
         0
         0
         0
         0
         0
         0
         0
         0
         0
         0
         0
         0
         0
         0
         0
         0
         0
         0
         0
         0
         0
         0
         0
         0
         0
         0
         0
         0
         0
         0
         0
         0
         0
         0
         0
         0
         0
         0
         0
         0
         0
         0
         0
         0
         0
         0
         0
         0
         0
         0
         0
         0
         0
         0
         0
         0
         0
         0
         0
         0
         0
         0
         0
         0
         0
         0
         0
         0
         0
         0
         0
         0
         0
         0
         0
         0
         0
         0
         0
         0
         0
         0
         0
         0
         0
         0
         0
         0
         0
         0
         0
         0
         0
         0
         0
         0
         0
         0
         0
         0
         0
         0
         0
         0
         0
         0
         0
         0
         0
         0
         0
         0
         0
         0
         0
         0
         0
         0
         0
         0
         0
         0
         0
         0
         0
         0
         0
         0
         0
         0
         0
         0
         0
         0
         0
         1
         0
         0
         2
         0
         3
         0
         1
         0
         2
         0
         1
         0
         1
         1
         0
         2
         0
         1
         0
         1
         0
         2
         0
         0
         0
         1
         0
         2
         0
         1
         2
         2
         0
         0
         2
         2
         1
         0
         3
         0
         0
         2
         0
         5
         0
         1
         0
         1
         0
         1
         2
         3
         0
         2
         0
         2
         2
         0
         0
         0
         2
         0
         0
         1
         0
         1
         1
         0
         0
         4
         1
         3
         2
         2
         2
         0
         1
         1
         2
         1
         0
         2
         3
         0
         1
         1
         2
         2
         1
         0
         3
         1
         0
         3
         0
         0
         3
         2
         2
         1
         2
         2
         1
         1
         0
         0
         0
         2
         1
         1
         4
         0
         1
         1
         0
         2
         2
         0
         3
         0
         3
         0
         1
         2
         0
         1
         3
         2
         2
         1
         3
         1
         1
         0
         0
         0
         0
         0
         1
         1
         1
         1
         2
         1
         3
         5
         2
         1
         0
         3
         3
         3
         0
         1
         3
         3
         2
         1
         5
         2
         0
         0
         3
         1
         0
         3
         1
         2
         4
         1
         1
         2
         2
         1
         1
         0
         3
         1
         4
         5
         3
         2
         3
         2
         1
         1
         3
         5
         3
         4
         4
         5
         2
         5
         8
         6
         3
         3
         5
         4
         3
         6
         5
         3
         2
         5
         8
         5
         6
         9
        11
        12
        10
        15
         7
         8
        12
        14
         4
        16
        18
        13
        17
        16
         6
        12
        12
        14
        17
        17
        17
        16
        11
        17
        14
        20
        12
        16
        12
        21
        12
        14
        11
        15
         8
        14
        12
        11
        11
        10
        17
         4
        14
        14
        13
        11
         5
        16
         7
        11
         8
        13
         3
         6
        11
        13
         7
         6
         4
         7
         4
         3
         5
         2
         9
         3
         5
         3
         2
         0
         1
         0
         2
         1
         3
         5
         4
         4
         8
         2
         1
         3
         4
         2
         2
         2
         1
         2
         2
         4
         0
         1
         3
         1
         3
         2
         4
         1
         1
         2
         2
         1
         3
         2
         0
         2
         2
         1
         3
         4
         2
         0
         1
         2
         1
         1
         2
         0
         1
         0
         1
         3
         3
         1
         1
         0
         0
         2
         0
         2
         1
         2
         2
         1
         0
         4
         4
         2
         1
         3
         0
         0
         3
         0
         2
         2
         0
         0
         2
         1
         2
         1
         2
         0
         2
         3
         2
         0
         0
         6
         1
         4
         2
         2
         2
         1
         1
         0
         1
         0
         0
         1
         0
         2
         2
         0
         0
         1
         2
         0
         2
         0
         1
         1
         0
         1
         2
         1
         1
         2
         0
         1
         0
         2
         2
         0
         1
         1
         2
         0
         1
         1
         1
         2
         0
         3
         1
         1
         1
         0
         3
         0
         1
         0
         2
         0
         0
         0
         0
         0
         1
         1
         0
         1
         0
         1
         2
         0
         1
         0
         4
         2
         0
         2
         1
         0
         0
         0
         0
         1
         0
         0
         1
         4
         3
         0
         2
         1
         2
         2
         2
         0
         1
         0
         0
         0
         1
         1
         1
         1
         2
         1
         3
         0
         1
         1
         0
         1
         0
         0
         1
         1
         1
         1
         0
         1
         1
         1
         0
         0
         0
         0
         0
         1
         1
         0
         0
         0
         0
         0
         0
         0
         0
         0
         0
         0
         0
         0
         0
         0
         0
         0
         0
         0
         0
         0
         0
         0
         0
         0
         0
         0
         0
         0
         0
         0
         0
         0
         0
         0
         0
         0
         0
         0
         0
         0
         0
         0
         0
         0
         0
         0
         0
         0
         0
         0
         0
         0
         0
         0
         0
         0
         0
         0
         0
         0
         0
         0
         0
         0
         0
         0
         0
         0
         0
         0
         0
         0
         0
         0
         0
         0
         0
         0
         0
         0
         0
         0
         0
         0
         0
         0
         0
         0
         0
         0
         0
         0
         0
         0
         0
         0
         0
         0
         0
         0
         0
         0
         0
         0
         0
         0
         0
         0
         0
         0
         0
         0
         0
         0
         0
         0
         0
         0
         0
         0
         0
         0
         0
         0
         0
         0
         0
         0
         0
         0
         0
         0
         0
         0
         0
         0
         0
         0
         0
         0
         0
         0
         0
         0
         0
         0
         0
         0
         0
         0
         0
         0
         0
         0
         0
         0
         0
         0
         0
         0
         0
         0
         0
         0
         0
         0
         0
         0
         0
         0
         0
         0
         0
         0
         0
         0
         0
         0
         0
         0
         0
         0
         0
         0
         0
         0
         0
         0
         0
         0
         0
         0
         0
         0
         0
         0
         0
         0
         0
         0
         0
         0
         0
         0
         0
         0
         0
         0
         0
         0
         0
         0
         0
         0
         0
         0
         0
         0
         0
         0
         0
         0
         0
         0
         0
         0
         0
         0
         0
         0
         0
         0
         0
         0
         0
         0
         0
         0
         0
         0
         0
         0
         0
         0
         0
         0
         0
         0
         0
         0
         0
         0
         0
         0
         0
         0
         0
         0
         0
         0
         0
         0
         0
         0
         0
         0
         0
         0
         0
         0
         0
         0
         0
         0
         0
         0
         0
         0
         0
         0
         0
         0
         0
         0
         0
         0
         0
         0
         0
         0
         0
         0
         0
         0
         0
         0
         0
         0
         0
         0
         0
         0
         0
         0
         0
         0
         0
         0
         0
         0
         0
         0
         0
         0
         0
         0
         0
         0
         0
         0
         0
         0
         0
         0
         0
         0
         0
         0
         0
         0
         0
         0
         0
         0
         0
         0
         0
         0
         0
         0
         0
         0
         0
         0
         0
         0
         0
         0
         0
         0
         0
         0
         0
         0
