39.1611  0.3333
39.1694  0.0000
39.1776  0.0000
39.1859  0.3333
39.1941  0.0000
39.2024  0.0000
39.2107  0.0000
39.2189  0.0000
39.2272  0.0000
39.2354  0.3333
39.2437  0.0000
39.2520  0.6667
39.2602  0.0000
39.2685  0.0000
39.2767  0.6667
39.2850  0.0000
39.2933  0.0000
39.3015  0.0000
39.3098  0.0000
39.3180  0.0000
39.3263  0.0000
39.3346  0.3333
39.3428  0.6667
39.3511  0.3333
39.3593  0.6667
39.3676  0.6667
39.3759  0.6667
39.3841  0.0000
39.3924  0.3333
39.4006  0.6667
39.4089  0.3333
39.4172  0.0000
39.4254  0.3333
39.4337  0.0000
39.4419  0.3333
39.4502  0.0000
39.4585  0.0000
39.4667  0.3333
39.4750  0.0000
39.4832  0.3333
39.4915  0.3333
39.4998  1.0000
39.5080  1.0000
39.5163  0.6667
39.5245  1.3333
39.5328  0.3333
39.5411  0.3333
39.5493  0.0000
39.5576  0.3333
39.5658  0.0000
39.5741  0.3333
39.5824  0.0000
39.5906  0.0000
39.5989  0.0000
39.6071  0.0000
39.6154  1.0000
39.6237  0.3333
39.6319  0.3333
39.6402  0.3333
39.6484  0.6667
39.6567  1.3333
39.6650  0.3333
39.6732  0.3333
39.6815  0.3333
39.6897  0.6667
39.6980  0.0000
39.7063  0.3333
39.7145  0.6667
39.7228  1.3333
39.7310  0.6667
39.7393  0.6667
39.7476  0.3333
39.7558  0.3333
39.7641  0.3333
39.7723  1.0000
39.7806  0.3333
39.7889  0.0000
39.7971  0.6667
39.8054  0.6667
39.8136  1.0000
39.8219  1.0000
39.8302  1.0000
39.8384  0.3333
39.8467  0.6667
39.8549  0.6667
39.8632  1.0000
39.8715  0.6667
39.8797  0.3333
39.8880  0.6667
39.8962  0.3333
39.9045  1.3333
39.9128  1.3333
39.9210  1.0000
39.9293  0.3333
39.9375  0.6667
39.9458  1.6667
39.9541  0.3333
39.9623  0.6667
39.9706  0.6667
39.9788  0.6667
39.9871  0.6667
39.9954  0.3333
40.0036  1.0000
40.0119  1.0000
40.0201  1.0000
40.0284  0.6667
40.0367  1.0000
40.0449  1.0000
40.0532  0.3333
40.0614  0.6667
40.0697  1.3333
40.0780  0.6667
40.0862  0.0000
40.0945  0.3333
40.1027  1.0000
40.1110  0.3333
40.1193  0.3333
40.1275  1.0000
40.1358  1.6667
40.1440  0.0000
40.1523  0.6667
40.1606  1.0000
40.1688  1.0000
40.1771  1.0000
40.1853  1.3333
40.1936  1.0000
40.2019  0.6667
40.2101  1.0000
40.2184  1.0000
40.2266  1.0000
40.2349  0.6667
40.2432  0.6667
40.2514  1.0000
40.2597  1.0000
40.2679  0.6667
40.2762  0.6667
40.2845  1.6667
40.2927  1.6667
40.3010  0.6667
40.3092  0.0000
40.3175  1.6667
40.3258  1.0000
40.3340  1.0000
40.3423  1.0000
40.3505  0.3333
40.3588  1.6667
40.3671  1.6667
40.3753  0.3333
40.3836  2.0000
40.3918  1.0000
40.4001  0.3333
40.4084  0.6667
40.4166  1.3333
40.4249  1.0000
40.4331  1.3333
40.4414  1.6667
40.4497  1.6667
40.4579  1.0000
40.4662  1.6667
40.4744  1.6667
40.4827  2.6667
40.4910  0.6667
40.4992  1.3333
40.5075  0.6667
40.5157  1.0000
40.5240  1.0000
40.5323  0.3333
40.5405  0.6667
40.5488  1.6667
40.5570  1.0000
40.5653  1.3333
40.5736  2.3333
40.5818  0.6667
40.5901  2.3333
40.5983  2.0000
40.6066  2.0000
40.6149  1.6667
40.6231  2.0000
40.6314  0.6667
40.6396  2.3333
40.6479  3.0000
40.6562  3.3333
40.6644  2.0000
40.6727  4.0000
40.6809  4.0000
40.6892  2.6667
40.6975  3.6667
40.7057  2.3333
40.7140  4.0000
40.7222  3.3333
40.7305  3.3333
40.7388  2.0000
40.7470  3.6667
40.7553  5.0000
40.7635  5.0000
40.7718  4.6667
40.7801  4.6667
40.7883  5.3333
40.7966  3.6667
40.8048  5.6667
40.8131  3.3333
40.8214  5.6667
40.8296  5.3333
40.8379  4.3333
40.8461  7.0000
40.8544  8.0000
40.8627  5.3333
40.8709  5.3333
40.8792  6.3333
40.8874  4.6667
40.8957  6.0000
40.9040  6.0000
40.9122  7.3333
40.9205  5.6667
40.9287  3.3333
40.9370  8.3333
40.9453  4.6667
40.9535  2.3333
40.9618  4.3333
40.9700  4.0000
40.9783  5.6667
40.9866  6.3333
40.9948  6.3333
41.0031  3.3333
41.0113  5.0000
41.0196  4.3333
41.0279  3.3333
41.0361  6.6667
41.0444  5.0000
41.0526  7.6667
41.0609  4.3333
41.0692  5.0000
41.0774  3.3333
41.0857  6.6667
41.0939  4.3333
41.1022  4.6667
41.1105  4.3333
41.1187  5.0000
41.1270  2.6667
41.1352  4.3333
41.1435  2.6667
41.1518  4.6667
41.1600  1.6667
41.1683  3.6667
41.1765  5.0000
41.1848  2.3333
41.1931  2.6667
41.2013  4.6667
41.2096  5.3333
41.2178  3.0000
41.2261  2.3333
41.2344  4.0000
41.2426  3.3333
41.2509  3.0000
41.2591  4.0000
41.2674  4.6667
41.2757  3.3333
41.2839  3.3333
41.2922  4.0000
41.3004  5.0000
41.3087  5.0000
41.3170  3.6667
41.3252  3.0000
41.3335  2.6667
41.3417  2.6667
41.3500  4.6667
41.3583  3.3333
41.3665  5.3333
41.3748  2.6667
41.3830  7.0000
41.3913  3.0000
41.3996  3.3333
41.4078  5.0000
41.4161  3.3333
41.4243  4.6667
41.4326  7.0000
41.4409  8.6667
41.4491  3.0000
41.4574  5.0000
41.4656  4.0000
41.4739  4.3333
41.4822  7.3333
41.4904  7.3333
41.4987  9.0000
41.5069  6.3333
41.5152  7.0000
41.5235  6.3333
41.5317  9.3333
41.5400  5.0000
41.5482 11.0000
41.5565  8.3333
41.5648  9.6667
41.5730 12.6667
41.5813 14.3333
41.5895 11.0000
41.5978 11.6667
41.6061 12.6667
41.6143 16.0000
41.6226 19.6667
41.6308 21.6667
41.6391 22.6667
41.6474 26.3333
41.6556 27.0000
41.6639 29.3333
41.6721 28.6667
41.6804 33.0000
41.6887 34.6667
41.6969 37.3333
41.7052 39.3333
41.7134 52.6667
41.7217 50.6667
41.7300 52.6667
41.7382 64.3333
41.7465 69.3333
41.7547 70.3333
41.7630 68.0000
41.7713 81.6667
41.7795 84.3333
41.7878 90.0000
41.7960 89.0000
41.8043 94.0000
41.8126 89.6667
41.8208 109.6667
41.8291 114.0000
41.8373 106.6667
41.8456 103.3333
41.8539 113.6667
41.8621 121.0000
41.8704 121.3333
41.8786 122.6667
41.8869 139.0000
41.8952 125.6667
41.9034 137.3333
41.9117 136.0000
41.9199 147.3333
41.9282 125.0000
41.9365 123.3333
41.9447 133.0000
41.9530 119.3333
41.9612 119.6667
41.9695 103.3333
41.9778 101.6667
41.9860 102.6667
41.9943 86.6667
42.0025 82.6667
42.0108 82.6667
42.0191 62.3333
42.0273 65.6667
42.0356 61.3333
42.0438 53.6667
42.0521 42.0000
42.0604 43.3333
42.0686 41.6667
42.0769 35.3333
42.0851 36.3333
42.0934 23.6667
42.1017 27.3333
42.1099 24.6667
42.1182 21.3333
42.1264 23.0000
42.1347 22.6667
42.1430 16.3333
42.1512 16.3333
42.1595 14.0000
42.1677 13.0000
42.1760 12.6667
42.1843 13.6667
42.1925 10.3333
42.2008 11.3333
42.2090  9.6667
42.2173  8.0000
42.2256  5.0000
42.2338  6.0000
42.2421  8.0000
42.2503  5.3333
42.2586  4.6667
42.2669  4.0000
42.2751  5.3333
42.2834  4.0000
42.2916  7.3333
42.2999  2.6667
42.3082  1.6667
42.3164  3.0000
42.3247  4.3333
42.3329  3.6667
42.3412  3.3333
42.3495  4.3333
42.3577  2.3333
42.3660  2.3333
42.3742  2.0000
42.3825  3.3333
42.3908  2.6667
42.3990  1.6667
42.4073  4.3333
42.4155  1.6667
42.4238  3.0000
42.4321  1.6667
42.4403  1.6667
42.4486  2.0000
42.4568  4.3333
42.4651  1.6667
42.4734  4.0000
42.4816  2.0000
42.4899  0.6667
42.4981  1.3333
42.5064  3.0000
42.5147  2.6667
42.5229  2.0000
42.5312  3.6667
42.5394  1.3333
42.5477  3.0000
42.5560  2.3333
42.5642  1.3333
42.5725  1.6667
42.5807  1.0000
42.5890  0.6667
42.5973  2.6667
42.6055  2.6667
42.6138  2.6667
42.6220  1.6667
42.6303  1.6667
42.6386  2.3333
42.6468  2.0000
42.6551  0.0000
42.6633  1.3333
42.6716  1.6667
42.6799  2.0000
42.6881  2.0000
42.6964  1.6667
42.7046  1.0000
42.7129  1.6667
42.7212  1.3333
42.7294  2.6667
42.7377  1.3333
42.7459  1.6667
42.7542  2.6667
42.7625  0.6667
42.7707  0.3333
42.7790  1.3333
42.7872  2.6667
42.7955  0.6667
42.8038  1.0000
42.8120  1.0000
42.8203  2.0000
42.8285  1.0000
42.8368  1.0000
42.8451  0.6667
42.8533  1.3333
42.8616  1.0000
42.8698  2.0000
42.8781  0.3333
42.8864  2.6667
42.8946  0.6667
42.9029  0.3333
42.9111  1.0000
42.9194  1.3333
42.9277  0.6667
42.9359  1.0000
42.9442  1.3333
42.9524  1.0000
42.9607  1.3333
42.9690  0.6667
42.9772  0.6667
42.9855  1.0000
42.9937  0.0000
43.0020  0.3333
43.0103  0.6667
43.0185  0.3333
43.0268  1.3333
43.0350  2.0000
43.0433  1.3333
43.0516  0.0000
43.0598  0.0000
43.0681  0.3333
43.0763  0.6667
43.0846  1.3333
43.0929  0.3333
43.1011  1.0000
43.1094  0.3333
43.1176  1.0000
43.1259  0.0000
43.1342  0.3333
43.1424  0.3333
43.1507  1.0000
43.1589  0.6667
43.1672  0.6667
43.1755  0.6667
43.1837  0.0000
43.1920  0.3333
43.2002  0.3333
43.2085  0.0000
43.2168  0.0000
43.2250  0.3333
43.2333  0.0000
43.2415  0.0000
43.2498  0.6667
43.2581  0.0000
43.2663  0.0000
43.2746  0.0000
43.2828  0.0000
43.2911  0.0000
43.2994  0.0000
43.3076  0.0000
43.3159  0.0000
43.3241  0.0000
43.3324  0.3333
