74.7859  1.0000
74.7941  0.0000
74.8024  0.0000
74.8107  0.0000
74.8189  0.0000
74.8272  0.0000
74.8354  0.0000
74.8437  0.0000
74.8520  1.0000
74.8602  2.0000
74.8685  0.0000
74.8767  0.0000
74.8850  0.0000
74.8933  1.0000
74.9015  0.0000
74.9098  2.0000
74.9180  0.0000
74.9263  0.0000
74.9346  1.0000
74.9428  0.0000
74.9511  0.0000
74.9593  1.0000
74.9676  0.0000
74.9759  2.0000
74.9841  0.0000
74.9924  2.0000
75.0006  2.0000
75.0089  1.0000
75.0172  0.0000
75.0254  1.0000
75.0337  3.0000
75.0419  0.0000
75.0502  0.0000
75.0585  1.0000
75.0667  0.0000
75.0750  1.0000
75.0832  0.0000
75.0915  1.0000
75.0998  3.0000
75.1080  0.0000
75.1163  1.0000
75.1245  0.0000
75.1328  2.0000
75.1411  2.0000
75.1493  0.0000
75.1576  0.0000
75.1658  0.0000
75.1741  0.0000
75.1824  0.0000
75.1906  1.0000
75.1989  3.0000
75.2071  0.0000
75.2154  2.0000
75.2237  1.0000
75.2319  0.0000
75.2402  0.0000
75.2484  0.0000
75.2567  3.0000
75.2650  1.0000
75.2732  2.0000
75.2815  1.0000
75.2897  0.0000
75.2980  0.0000
75.3063  0.0000
75.3145  0.0000
75.3228  1.0000
75.3310  0.0000
75.3393  1.0000
75.3476  1.0000
75.3558  1.0000
75.3641  0.0000
75.3723  1.0000
75.3806  1.0000
75.3889  0.0000
75.3971  4.0000
75.4054  2.0000
75.4136  3.0000
75.4219  2.0000
75.4302  3.0000
75.4384  2.0000
75.4467  0.0000
75.4549  3.0000
75.4632  1.0000
75.4715  3.0000
75.4797  3.0000
75.4880  1.0000
75.4962  1.0000
75.5045  1.0000
75.5128  0.0000
75.5210  3.0000
75.5293  3.0000
75.5375  1.0000
75.5458  2.0000
75.5541  0.0000
75.5623  1.0000
75.5706  2.0000
75.5788  3.0000
75.5871  1.0000
75.5954  2.0000
75.6036  1.0000
75.6119  1.0000
75.6201  4.0000
75.6284  4.0000
75.6367  2.0000
75.6449  3.0000
75.6532  0.0000
75.6614  0.0000
75.6697  2.0000
75.6780  2.0000
75.6862  1.0000
75.6945  2.0000
75.7027  0.0000
75.7110  1.0000
75.7193  2.0000
75.7275  0.0000
75.7358  0.0000
75.7440  1.0000
75.7523  2.0000
75.7606  0.0000
75.7688  1.0000
75.7771  0.0000
75.7853  0.0000
75.7936  0.0000
75.8019  2.0000
75.8101  1.0000
75.8184  5.0000
75.8266  4.0000
75.8349  2.0000
75.8432  2.0000
75.8514  3.0000
75.8597  3.0000
75.8679  2.0000
75.8762  1.0000
75.8845  0.0000
75.8927  2.0000
75.9010  2.0000
75.9092  3.0000
75.9175  2.0000
75.9258  1.0000
75.9340  0.0000
75.9423  3.0000
75.9505  1.0000
75.9588  2.0000
75.9671  2.0000
75.9753  6.0000
75.9836  1.0000
75.9918  3.0000
76.0001  1.0000
76.0084  3.0000
76.0166  3.0000
76.0249  2.0000
76.0331  3.0000
76.0414  3.0000
76.0497  1.0000
76.0579  3.0000
76.0662  1.0000
76.0744  3.0000
76.0827  3.0000
76.0910  6.0000
76.0992  5.0000
76.1075  3.0000
76.1157  3.0000
76.1240  4.0000
76.1323  2.0000
76.1405  3.0000
76.1488  2.0000
76.1570  5.0000
76.1653  4.0000
76.1736  6.0000
76.1818  3.0000
76.1901  9.0000
76.1983  4.0000
76.2066  5.0000
76.2149  2.0000
76.2231  3.0000
76.2314  6.0000
76.2396  6.0000
76.2479  4.0000
76.2562  2.0000
76.2644  4.0000
76.2727 11.0000
76.2809  5.0000
76.2892  5.0000
76.2975  7.0000
76.3057  8.0000
76.3140  9.0000
76.3222 15.0000
76.3305  4.0000
76.3388  6.0000
76.3470  9.0000
76.3553  3.0000
76.3635  2.0000
76.3718  8.0000
76.3801  4.0000
76.3883  9.0000
76.3966  9.0000
76.4048  8.0000
76.4131  8.0000
76.4214 17.0000
76.4296 10.0000
76.4379  9.0000
76.4461 14.0000
76.4544  7.0000
76.4627  6.0000
76.4709  9.0000
76.4792 11.0000
76.4874 18.0000
76.4957 13.0000
76.5040 17.0000
76.5122  7.0000
76.5205  9.0000
76.5287 12.0000
76.5370 13.0000
76.5453 12.0000
76.5535  9.0000
76.5618  9.0000
76.5700 19.0000
76.5783 13.0000
76.5866 13.0000
76.5948  8.0000
76.6031 20.0000
76.6113 10.0000
76.6196 14.0000
76.6279 12.0000
76.6361 12.0000
76.6444  6.0000
76.6526 10.0000
76.6609 11.0000
76.6692  4.0000
76.6774  8.0000
76.6857  7.0000
76.6939  3.0000
76.7022  5.0000
76.7105 13.0000
76.7187 12.0000
76.7270  8.0000
76.7352 11.0000
76.7435  7.0000
76.7518  8.0000
76.7600  4.0000
76.7683  8.0000
76.7765  7.0000
76.7848  6.0000
76.7931  5.0000
76.8013  2.0000
76.8096  4.0000
76.8178  7.0000
76.8261  4.0000
76.8344  2.0000
76.8426  4.0000
76.8509  6.0000
76.8591  4.0000
76.8674  2.0000
76.8757  6.0000
76.8839  3.0000
76.8922  6.0000
76.9004  2.0000
76.9087  2.0000
76.9170  4.0000
76.9252  4.0000
76.9335  3.0000
76.9417  3.0000
76.9500  0.0000
76.9583  2.0000
76.9665  4.0000
76.9748  1.0000
76.9830  4.0000
76.9913  3.0000
76.9996  1.0000
77.0078  0.0000
77.0161  4.0000
77.0243  2.0000
77.0326  4.0000
77.0409  2.0000
77.0491  0.0000
77.0574  1.0000
77.0656  4.0000
77.0739  0.0000
77.0822  2.0000
77.0904  0.0000
77.0987  0.0000
77.1069  1.0000
77.1152  2.0000
77.1235  1.0000
77.1317  5.0000
77.1400  0.0000
77.1482  1.0000
77.1565  2.0000
77.1648  1.0000
77.1730  2.0000
77.1813  2.0000
77.1895  1.0000
77.1978  0.0000
77.2061  2.0000
77.2143  0.0000
77.2226  3.0000
77.2308  1.0000
77.2391  0.0000
77.2474  0.0000
77.2556  2.0000
77.2639  1.0000
77.2721  0.0000
77.2804  1.0000
77.2887  3.0000
77.2969  2.0000
77.3052  2.0000
77.3134  0.0000
77.3217  0.0000
77.3300  1.0000
77.3382  1.0000
77.3465  1.0000
77.3547  0.0000
77.3630  0.0000
77.3713  1.0000
77.3795  2.0000
77.3878  2.0000
77.3960  1.0000
77.4043  1.0000
77.4126  3.0000
77.4208  0.0000
77.4291  3.0000
77.4373  1.0000
77.4456  1.0000
77.4539  2.0000
77.4621  2.0000
77.4704  1.0000
77.4786  1.0000
77.4869  1.0000
77.4952  0.0000
77.5034  0.0000
77.5117  1.0000
77.5199  0.0000
77.5282  0.0000
77.5365  0.0000
77.5447  0.0000
77.5530  2.0000
77.5612  0.0000
77.5695  1.0000
77.5778  0.0000
77.5860  1.0000
77.5943  1.0000
77.6025  1.0000
77.6108  2.0000
77.6191  0.0000
77.6273  1.0000
77.6356  0.0000
77.6438  0.0000
77.6521  1.0000
77.6604  1.0000
77.6686  2.0000
77.6769  1.0000
77.6851  1.0000
77.6934  0.0000
77.7017  0.0000
77.7099  0.0000
77.7182  2.0000
77.7264  0.0000
77.7347  0.0000
77.7430  0.0000
77.7512  3.0000
77.7595  3.0000
77.7677  0.0000
77.7760  1.0000
77.7843  0.0000
77.7925  0.0000
77.8008  1.0000
77.8090  0.0000
77.8173  0.0000
77.8256  2.0000
77.8338  0.0000
77.8421  1.0000
77.8503  1.0000
77.8586  0.0000
77.8669  1.0000
77.8751  2.0000
77.8834  0.0000
77.8916  1.0000
77.8999  0.0000
77.9082  1.0000
77.9164  0.0000
77.9247  1.0000
77.9329  0.0000
77.9412  1.0000
77.9495  0.0000
77.9577  0.0000
77.9660  0.0000
77.9742  0.0000
77.9825  0.0000
77.9908  0.0000
77.9990  0.0000
78.0073  0.0000
78.0155  1.0000
78.0238  0.0000
78.0321  1.0000
78.0403  2.0000
78.0486  0.0000
78.0568  0.0000
78.0651  0.0000
78.0734  0.0000
78.0816  0.0000
78.0899  1.0000
78.0981  0.0000
78.1064  1.0000
78.1147  2.0000
78.1229  2.0000
78.1312  0.0000
78.1394  1.0000
78.1477  0.0000
78.1560  0.0000
78.1642  1.0000
78.1725  2.0000
78.1807  0.0000
78.1890  0.0000
78.1973  3.0000
78.2055  2.0000
78.2138  0.0000
78.2220  1.0000
78.2303  1.0000
78.2386  1.0000
78.2468  2.0000
78.2551  0.0000
78.2633  0.0000
78.2716  0.0000
78.2799  0.0000
78.2881  1.0000
78.2964  0.0000
78.3046  1.0000
78.3129  2.0000
78.3212  0.0000
78.3294  1.0000
78.3377  0.0000
78.3459  2.0000
78.3542  0.0000
78.3625  0.0000
78.3707  0.0000
78.3790  0.0000
78.3872  0.0000
78.3955  0.0000
78.4038  0.0000
78.4120  1.0000
78.4203  1.0000
78.4285  2.0000
78.4368  0.0000
78.4451  0.0000
78.4533  0.0000
78.4616  0.0000
78.4698  1.0000
78.4781  0.0000
78.4864  0.0000
78.4946  0.0000
78.5029  1.0000
78.5111  0.0000
78.5194  0.0000
78.5277  0.0000
78.5359  0.0000
78.5442  0.0000
78.5524  0.0000
78.5607  0.0000
78.5690  1.0000
78.5772  1.0000
78.5855  0.0000
78.5937  1.0000
78.6020  0.0000
78.6103  0.0000
78.6185  0.0000
78.6268  0.0000
78.6350  1.0000
78.6433  0.0000
78.6516  2.0000
78.6598  2.0000
78.6681  0.0000
78.6763  0.0000
78.6846  1.0000
78.6929  0.0000
78.7011  0.0000
78.7094  1.0000
78.7176  0.0000
78.7259  0.0000
78.7342  1.0000
78.7424  0.0000
78.7507  0.0000
78.7589  0.0000
78.7672  0.0000
78.7755  0.0000
78.7837  0.0000
78.7920  0.0000
78.8002  0.0000
78.8085  1.0000
78.8168  0.0000
78.8250  1.0000
78.8333  0.0000
78.8415  0.0000
78.8498  0.0000
78.8581  0.0000
78.8663  0.0000
78.8746  0.0000
78.8828  1.0000
78.8911  1.0000
