74.8107  1.0000
74.8189  1.0000
74.8272  0.0000
74.8354  0.0000
74.8437  0.0000
74.8520  1.0000
74.8602  0.0000
74.8685  0.0000
74.8767  0.0000
74.8850  0.0000
74.8933  1.0000
74.9015  1.0000
74.9098  0.0000
74.9180  0.0000
74.9263  0.0000
74.9346  1.0000
74.9428  0.0000
74.9511  0.0000
74.9593  0.0000
74.9676  1.0000
74.9759  1.0000
74.9841  0.0000
74.9924  0.0000
75.0006  0.0000
75.0089  1.0000
75.0172  1.0000
75.0254  0.0000
75.0337  1.0000
75.0419  0.0000
75.0502  0.0000
75.0585  0.0000
75.0667  1.0000
75.0750  1.0000
75.0832  0.0000
75.0915  0.0000
75.0998  0.0000
75.1080  2.0000
75.1163  0.0000
75.1245  0.0000
75.1328  1.0000
75.1411  1.0000
75.1493  2.0000
75.1576  0.0000
75.1658  0.0000
75.1741  1.0000
75.1824  2.0000
75.1906  0.0000
75.1989  0.0000
75.2071  1.0000
75.2154  1.0000
75.2237  0.0000
75.2319  0.0000
75.2402  0.0000
75.2484  0.0000
75.2567  1.0000
75.2650  0.0000
75.2732  0.0000
75.2815  1.0000
75.2897  3.0000
75.2980  0.0000
75.3063  2.0000
75.3145  0.0000
75.3228  2.0000
75.3310  2.0000
75.3393  2.0000
75.3476  2.0000
75.3558  0.0000
75.3641  1.0000
75.3723  1.0000
75.3806  0.0000
75.3889  0.0000
75.3971  0.0000
75.4054  3.0000
75.4136  3.0000
75.4219  1.0000
75.4302  0.0000
75.4384  0.0000
75.4467  0.0000
75.4549  0.0000
75.4632  2.0000
75.4715  1.0000
75.4797  0.0000
75.4880  1.0000
75.4962  2.0000
75.5045  5.0000
75.5128  0.0000
75.5210  0.0000
75.5293  1.0000
75.5375  0.0000
75.5458  0.0000
75.5541  0.0000
75.5623  1.0000
75.5706  2.0000
75.5788  1.0000
75.5871  0.0000
75.5954  1.0000
75.6036  2.0000
75.6119  1.0000
75.6201  0.0000
75.6284  3.0000
75.6367  0.0000
75.6449  0.0000
75.6532  2.0000
75.6614  4.0000
75.6697  0.0000
75.6780  1.0000
75.6862  0.0000
75.6945  3.0000
75.7027  1.0000
75.7110  0.0000
75.7193  0.0000
75.7275  0.0000
75.7358  0.0000
75.7440  2.0000
75.7523  1.0000
75.7606  1.0000
75.7688  0.0000
75.7771  2.0000
75.7853  2.0000
75.7936  1.0000
75.8019  1.0000
75.8101  1.0000
75.8184  2.0000
75.8266  1.0000
75.8349  1.0000
75.8432  2.0000
75.8514  2.0000
75.8597  2.0000
75.8679  0.0000
75.8762  2.0000
75.8845  2.0000
75.8927  1.0000
75.9010  0.0000
75.9092  2.0000
75.9175  2.0000
75.9258  1.0000
75.9340  1.0000
75.9423  1.0000
75.9505  1.0000
75.9588  1.0000
75.9671  2.0000
75.9753  0.0000
75.9836  4.0000
75.9918  4.0000
76.0001  3.0000
76.0084  4.0000
76.0166  0.0000
76.0249  1.0000
76.0331  1.0000
76.0414  1.0000
76.0497  3.0000
76.0579  4.0000
76.0662  4.0000
76.0744  1.0000
76.0827  2.0000
76.0910  2.0000
76.0992  1.0000
76.1075  5.0000
76.1157  1.0000
76.1240  3.0000
76.1323  2.0000
76.1405  5.0000
76.1488  2.0000
76.1570  3.0000
76.1653  2.0000
76.1736  4.0000
76.1818  4.0000
76.1901  2.0000
76.1983  4.0000
76.2066  2.0000
76.2149  4.0000
76.2231  7.0000
76.2314  2.0000
76.2396  2.0000
76.2479  3.0000
76.2562  1.0000
76.2644  3.0000
76.2727  4.0000
76.2809  1.0000
76.2892  7.0000
76.2975  3.0000
76.3057  6.0000
76.3140 10.0000
76.3222  7.0000
76.3305  3.0000
76.3388  6.0000
76.3470  4.0000
76.3553  7.0000
76.3635  4.0000
76.3718  6.0000
76.3801  3.0000
76.3883 11.0000
76.3966  9.0000
76.4048  7.0000
76.4131  6.0000
76.4214  9.0000
76.4296 14.0000
76.4379 13.0000
76.4461 11.0000
76.4544 15.0000
76.4627 10.0000
76.4709  6.0000
76.4792  9.0000
76.4874 10.0000
76.4957 22.0000
76.5040 12.0000
76.5122 19.0000
76.5205 14.0000
76.5287 17.0000
76.5370 20.0000
76.5453 14.0000
76.5535 17.0000
76.5618  6.0000
76.5700 10.0000
76.5783 19.0000
76.5866 19.0000
76.5948 19.0000
76.6031 11.0000
76.6113 18.0000
76.6196 21.0000
76.6279 15.0000
76.6361 14.0000
76.6444 12.0000
76.6526 15.0000
76.6609 18.0000
76.6692 12.0000
76.6774 13.0000
76.6857 14.0000
76.6939 12.0000
76.7022 11.0000
76.7105 10.0000
76.7187 10.0000
76.7270 12.0000
76.7352 18.0000
76.7435 11.0000
76.7518 12.0000
76.7600 15.0000
76.7683  6.0000
76.7765  3.0000
76.7848 10.0000
76.7931  5.0000
76.8013 10.0000
76.8096  5.0000
76.8178  9.0000
76.8261  8.0000
76.8344  8.0000
76.8426  4.0000
76.8509  9.0000
76.8591  8.0000
76.8674  6.0000
76.8757  3.0000
76.8839  8.0000
76.8922  4.0000
76.9004  1.0000
76.9087  3.0000
76.9170  4.0000
76.9252  3.0000
76.9335  2.0000
76.9417  2.0000
76.9500  5.0000
76.9583  4.0000
76.9665  4.0000
76.9748  6.0000
76.9830  8.0000
76.9913  5.0000
76.9996  4.0000
77.0078  4.0000
77.0161  6.0000
77.0243  2.0000
77.0326  3.0000
77.0409  2.0000
77.0491  1.0000
77.0574  2.0000
77.0656  4.0000
77.0739  0.0000
77.0822  2.0000
77.0904  2.0000
77.0987  2.0000
77.1069  6.0000
77.1152  2.0000
77.1235  2.0000
77.1317  2.0000
77.1400  1.0000
77.1482  4.0000
77.1565  2.0000
77.1648  2.0000
77.1730  2.0000
77.1813  4.0000
77.1895  0.0000
77.1978  1.0000
77.2061  2.0000
77.2143  2.0000
77.2226  2.0000
77.2308  0.0000
77.2391  0.0000
77.2474  3.0000
77.2556  0.0000
77.2639  1.0000
77.2721  1.0000
77.2804  0.0000
77.2887  0.0000
77.2969  2.0000
77.3052  3.0000
77.3134  0.0000
77.3217  1.0000
77.3300  3.0000
77.3382  2.0000
77.3465  1.0000
77.3547  1.0000
77.3630  3.0000
77.3713  2.0000
77.3795  1.0000
77.3878  1.0000
77.3960  2.0000
77.4043  0.0000
77.4126  1.0000
77.4208  0.0000
77.4291  0.0000
77.4373  2.0000
77.4456  1.0000
77.4539  0.0000
77.4621  1.0000
77.4704  2.0000
77.4786  0.0000
77.4869  1.0000
77.4952  2.0000
77.5034  1.0000
77.5117  0.0000
77.5199  2.0000
77.5282  1.0000
77.5365  0.0000
77.5447  1.0000
77.5530  0.0000
77.5612  0.0000
77.5695  0.0000
77.5778  2.0000
77.5860  0.0000
77.5943  0.0000
77.6025  1.0000
77.6108  1.0000
77.6191  0.0000
77.6273  0.0000
77.6356  0.0000
77.6438  0.0000
77.6521  0.0000
77.6604  1.0000
77.6686  1.0000
77.6769  1.0000
77.6851  0.0000
77.6934  0.0000
77.7017  2.0000
77.7099  1.0000
77.7182  0.0000
77.7264  2.0000
77.7347  1.0000
77.7430  0.0000
77.7512  0.0000
77.7595  0.0000
77.7677  1.0000
77.7760  0.0000
77.7843  0.0000
77.7925  0.0000
77.8008  1.0000
77.8090  0.0000
77.8173  2.0000
77.8256  0.0000
77.8338  0.0000
77.8421  0.0000
77.8503  0.0000
77.8586  1.0000
77.8669  1.0000
77.8751  1.0000
77.8834  0.0000
77.8916  0.0000
77.8999  1.0000
77.9082  1.0000
77.9164  2.0000
77.9247  1.0000
77.9329  1.0000
77.9412  0.0000
77.9495  1.0000
77.9577  2.0000
77.9660  1.0000
77.9742  1.0000
77.9825  0.0000
77.9908  0.0000
77.9990  1.0000
78.0073  2.0000
78.0155  0.0000
78.0238  1.0000
78.0321  1.0000
78.0403  0.0000
78.0486  0.0000
78.0568  1.0000
78.0651  1.0000
78.0734  0.0000
78.0816  1.0000
78.0899  0.0000
78.0981  1.0000
78.1064  1.0000
78.1147  2.0000
78.1229  2.0000
78.1312  2.0000
78.1394  0.0000
78.1477  0.0000
78.1560  1.0000
78.1642  1.0000
78.1725  0.0000
78.1807  0.0000
78.1890  0.0000
78.1973  1.0000
78.2055  0.0000
78.2138  0.0000
78.2220  0.0000
78.2303  0.0000
78.2386  1.0000
78.2468  1.0000
78.2551  1.0000
78.2633  1.0000
78.2716  0.0000
78.2799  0.0000
78.2881  0.0000
78.2964  2.0000
78.3046  0.0000
78.3129  0.0000
78.3212  3.0000
78.3294  0.0000
78.3377  0.0000
78.3459  0.0000
78.3542  0.0000
78.3625  0.0000
78.3707  0.0000
78.3790  2.0000
78.3872  1.0000
78.3955  2.0000
78.4038  1.0000
78.4120  1.0000
78.4203  1.0000
78.4285  1.0000
78.4368  0.0000
78.4451  2.0000
78.4533  0.0000
78.4616  0.0000
78.4698  0.0000
78.4781  0.0000
78.4864  2.0000
78.4946  1.0000
78.5029  1.0000
78.5111  0.0000
78.5194  2.0000
78.5277  0.0000
78.5359  1.0000
78.5442  1.0000
78.5524  0.0000
78.5607  0.0000
78.5690  1.0000
78.5772  0.0000
78.5855  1.0000
78.5937  0.0000
78.6020  2.0000
78.6103  0.0000
78.6185  0.0000
78.6268  0.0000
78.6350  0.0000
78.6433  0.0000
78.6516  0.0000
78.6598  1.0000
78.6681  0.0000
78.6763  0.0000
78.6846  1.0000
78.6929  1.0000
78.7011  0.0000
78.7094  0.0000
78.7176  0.0000
78.7259  0.0000
78.7342  0.0000
78.7424  0.0000
78.7507  1.0000
78.7589  0.0000
78.7672  2.0000
78.7755  0.0000
78.7837  0.0000
78.7920  0.0000
78.8002  0.0000
78.8085  0.0000
78.8168  1.0000
