45.3859  0.4000
45.3941  0.0000
45.4024  0.2000
45.4107  0.2000
45.4189  0.2000
45.4272  0.2000
45.4354  0.4000
45.4437  0.0000
45.4520  0.4000
45.4602  0.0000
45.4685  0.2000
45.4767  0.0000
45.4850  0.0000
45.4933  0.0000
45.5015  0.2000
45.5098  0.0000
45.5180  0.2000
45.5263  0.2000
45.5346  0.4000
45.5428  0.2000
45.5511  0.2000
45.5593  0.4000
45.5676  0.0000
45.5759  0.4000
45.5841  0.0000
45.5924  0.2000
45.6006  0.2000
45.6089  0.2000
45.6172  0.2000
45.6254  0.4000
45.6337  0.4000
45.6419  0.4000
45.6502  0.0000
45.6585  0.6000
45.6667  0.2000
45.6750  0.0000
45.6832  0.2000
45.6915  0.2000
45.6998  0.4000
45.7080  0.0000
45.7163  0.4000
45.7245  0.6000
45.7328  0.8000
45.7411  0.2000
45.7493  0.4000
45.7576  0.4000
45.7658  0.2000
45.7741  0.2000
45.7824  0.4000
45.7906  0.0000
45.7989  0.8000
45.8071  0.0000
45.8154  0.4000
45.8237  0.0000
45.8319  0.2000
45.8402  0.2000
45.8484  0.4000
45.8567  0.2000
45.8650  0.0000
45.8732  0.0000
45.8815  0.0000
45.8897  0.2000
45.8980  0.0000
45.9063  0.4000
45.9145  0.2000
45.9228  0.0000
45.9310  0.6000
45.9393  0.0000
45.9476  0.6000
45.9558  0.0000
45.9641  0.0000
45.9723  0.4000
45.9806  0.8000
45.9889  0.6000
45.9971  0.0000
46.0054  0.4000
46.0136  0.4000
46.0219  0.0000
46.0302  0.2000
46.0384  0.0000
46.0467  0.2000
46.0549  0.0000
46.0632  0.2000
46.0715  0.2000
46.0797  0.0000
46.0880  0.2000
46.0962  0.8000
46.1045  0.6000
46.1128  0.4000
46.1210  0.4000
46.1293  0.6000
46.1375  0.2000
46.1458  0.4000
46.1541  0.2000
46.1623  0.8000
46.1706  0.2000
46.1788  0.6000
46.1871  0.0000
46.1954  0.0000
46.2036  0.4000
46.2119  0.0000
46.2201  0.6000
46.2284  0.6000
46.2367  0.4000
46.2449  0.2000
46.2532  0.4000
46.2614  0.4000
46.2697  0.0000
46.2780  0.2000
46.2862  0.2000
46.2945  0.4000
46.3027  0.2000
46.3110  0.8000
46.3193  1.0000
46.3275  0.6000
46.3358  0.0000
46.3440  0.2000
46.3523  0.0000
46.3606  0.2000
46.3688  0.6000
46.3771  0.6000
46.3853  1.0000
46.3936  0.4000
46.4019  1.0000
46.4101  0.0000
46.4184  0.4000
46.4266  1.2000
46.4349  0.2000
46.4432  0.6000
46.4514  0.4000
46.4597  0.6000
46.4679  0.0000
46.4762  0.4000
46.4845  0.2000
46.4927  0.8000
46.5010  0.4000
46.5092  0.2000
46.5175  0.4000
46.5258  0.0000
46.5340  0.6000
46.5423  0.4000
46.5505  0.4000
46.5588  0.4000
46.5671  0.6000
46.5753  1.0000
46.5836  0.6000
46.5918  0.2000
46.6001  0.4000
46.6084  0.2000
46.6166  1.0000
46.6249  0.8000
46.6331  0.0000
46.6414  0.0000
46.6497  0.2000
46.6579  0.4000
46.6662  0.6000
46.6744  0.6000
46.6827  1.0000
46.6910  0.2000
46.6992  0.0000
46.7075  0.4000
46.7157  0.6000
46.7240  1.0000
46.7323  0.2000
46.7405  1.0000
46.7488  0.4000
46.7570  0.4000
46.7653  0.2000
46.7736  0.8000
46.7818  0.8000
46.7901  0.8000
46.7983  0.2000
46.8066  0.0000
46.8149  0.6000
46.8231  0.4000
46.8314  0.4000
46.8396  1.4000
46.8479  1.2000
46.8562  1.6000
46.8644  0.8000
46.8727  0.2000
46.8809  0.6000
46.8892  0.6000
46.8975  1.2000
46.9057  0.8000
46.9140  0.6000
46.9222  0.2000
46.9305  1.0000
46.9388  0.6000
46.9470  2.0000
46.9553  1.0000
46.9635  1.4000
46.9718  1.4000
46.9801  1.6000
46.9883  0.4000
46.9966  0.6000
47.0048  0.6000
47.0131  1.4000
47.0214  0.8000
47.0296  1.4000
47.0379  0.6000
47.0461  0.8000
47.0544  0.4000
47.0627  0.6000
47.0709  2.0000
47.0792  2.2000
47.0874  1.4000
47.0957  0.6000
47.1040  1.0000
47.1122  2.2000
47.1205  2.6000
47.1287  1.8000
47.1370  1.0000
47.1453  1.4000
47.1535  0.6000
47.1618  1.4000
47.1700  1.6000
47.1783  2.0000
47.1866  0.4000
47.1948  0.2000
47.2031  1.2000
47.2113  1.4000
47.2196  1.2000
47.2279  2.6000
47.2361  2.0000
47.2444  2.0000
47.2526  0.8000
47.2609  1.4000
47.2692  2.4000
47.2774  1.2000
47.2857  0.8000
47.2939  2.0000
47.3022  1.2000
47.3105  1.6000
47.3187  1.2000
47.3270  1.8000
47.3352  1.6000
47.3435  1.4000
47.3518  1.0000
47.3600  1.4000
47.3683  2.0000
47.3765  1.4000
47.3848  0.8000
47.3931  0.6000
47.4013  1.0000
47.4096  1.4000
47.4178  0.8000
47.4261  2.0000
47.4344  0.6000
47.4426  1.4000
47.4509  1.2000
47.4591  1.2000
47.4674  1.0000
47.4757  0.4000
47.4839  1.2000
47.4922  1.8000
47.5004  0.8000
47.5087  1.4000
47.5170  1.6000
47.5252  2.4000
47.5335  1.0000
47.5417  0.8000
47.5500  1.6000
47.5583  0.8000
47.5665  0.8000
47.5748  1.0000
47.5830  1.4000
47.5913  1.0000
47.5996  0.8000
47.6078  0.6000
47.6161  1.4000
47.6243  0.8000
47.6326  1.2000
47.6409  1.6000
47.6491  0.6000
47.6574  0.6000
47.6656  0.4000
47.6739  0.8000
47.6822  0.6000
47.6904  0.2000
47.6987  0.0000
47.7069  0.2000
47.7152  0.6000
47.7235  0.2000
47.7317  0.6000
47.7400  0.8000
47.7482  0.0000
47.7565  0.4000
47.7648  0.2000
47.7730  0.4000
47.7813  0.6000
47.7895  0.8000
47.7978  0.6000
47.8061  0.2000
47.8143  0.8000
47.8226  0.8000
47.8308  0.2000
47.8391  0.8000
47.8474  0.2000
47.8556  0.4000
47.8639  0.2000
47.8721  0.8000
47.8804  0.4000
47.8887  0.2000
47.8969  0.8000
47.9052  0.2000
47.9134  0.8000
47.9217  0.6000
47.9300  0.2000
47.9382  0.0000
47.9465  0.8000
47.9547  0.0000
47.9630  0.0000
47.9713  0.2000
47.9795  1.2000
47.9878  0.2000
47.9960  0.2000
48.0043  0.2000
48.0126  0.6000
48.0208  0.2000
48.0291  0.2000
48.0373  0.4000
48.0456  0.2000
48.0539  0.2000
48.0621  0.8000
48.0704  0.2000
48.0786  0.6000
48.0869  0.0000
48.0952  0.6000
48.1034  0.2000
48.1117  0.6000
48.1199  0.2000
48.1282  0.0000
48.1365  0.0000
48.1447  0.6000
48.1530  0.0000
48.1612  1.0000
48.1695  0.2000
48.1778  0.2000
48.1860  0.4000
48.1943  0.0000
48.2025  0.4000
48.2108  0.4000
48.2191  0.2000
48.2273  0.2000
48.2356  0.2000
48.2438  0.2000
48.2521  0.4000
48.2604  0.2000
48.2686  0.4000
48.2769  0.2000
48.2851  0.6000
48.2934  0.0000
48.3017  0.0000
48.3099  0.0000
48.3182  0.0000
48.3264  0.2000
48.3347  0.4000
48.3430  0.0000
48.3512  0.2000
48.3595  0.2000
48.3677  0.2000
48.3760  0.0000
48.3843  0.2000
48.3925  0.0000
48.4008  0.0000
48.4090  0.2000
48.4173  0.2000
48.4256  0.0000
48.4338  0.4000
48.4421  0.4000
48.4503  0.8000
48.4586  0.0000
48.4669  0.6000
48.4751  0.4000
48.4834  0.4000
48.4916  0.2000
48.4999  0.0000
48.5082  0.0000
48.5164  0.0000
48.5247  0.6000
48.5329  0.4000
48.5412  0.0000
48.5495  0.2000
48.5577  0.2000
48.5660  0.4000
48.5742  0.2000
48.5825  0.2000
48.5908  0.4000
48.5990  0.6000
48.6073  0.0000
48.6155  0.4000
48.6238  0.2000
48.6321  0.4000
48.6403  0.2000
48.6486  0.4000
48.6568  0.2000
48.6651  0.2000
48.6734  0.0000
48.6816  0.4000
48.6899  0.8000
48.6981  0.6000
48.7064  0.0000
48.7147  0.4000
48.7229  0.2000
48.7312  0.2000
48.7394  0.4000
48.7477  0.2000
48.7560  0.0000
48.7642  0.0000
48.7725  0.4000
48.7807  0.4000
48.7890  0.2000
48.7973  0.4000
48.8055  0.2000
48.8138  0.2000
48.8220  0.2000
48.8303  0.4000
48.8386  0.2000
48.8468  0.4000
48.8551  0.2000
48.8633  0.2000
48.8716  0.6000
48.8799  0.2000
48.8881  0.2000
48.8964  0.0000
48.9046  0.4000
48.9129  0.8000
48.9212  0.2000
48.9294  0.4000
48.9377  0.0000
48.9459  0.2000
48.9542  0.2000
48.9625  0.4000
48.9707  0.2000
48.9790  0.2000
48.9872  0.2000
48.9955  0.2000
49.0038  0.0000
49.0120  0.4000
49.0203  0.2000
49.0285  0.6000
49.0368  0.2000
49.0451  0.0000
49.0533  0.2000
49.0616  1.0000
49.0698  0.4000
49.0781  0.0000
49.0864  0.0000
49.0946  0.6000
49.1029  0.6000
49.1111  0.0000
49.1194  1.0000
49.1277  0.0000
49.1359  0.0000
49.1442  0.2000
49.1524  0.2000
49.1607  0.0000
49.1690  0.6000
49.1772  0.0000
49.1855  0.4000
49.1937  0.0000
49.2020  0.0000
49.2103  0.2000
49.2185  0.2000
49.2268  0.0000
49.2350  0.0000
49.2433  0.2000
49.2516  0.6000
49.2598  0.0000
49.2681  0.0000
49.2763  0.6000
49.2846  0.2000
49.2929  0.0000
49.3011  0.0000
49.3094  0.0000
49.3176  0.0000
49.3259  0.2000
49.3342  0.0000
49.3424  0.0000
49.3507  0.2000
49.3589  0.2000
49.3672  0.2000
49.3755  0.0000
49.3837  0.0000
49.3920  0.2000
49.4002  0.0000
49.4085  0.0000
49.4168  0.0000
49.4250  0.2000
49.4333  0.2000
