74.8189  1.0000
74.8272  1.0000
74.8354  0.0000
74.8437  0.0000
74.8520  0.0000
74.8602  0.0000
74.8685  0.0000
74.8767  0.0000
74.8850  0.0000
74.8933  1.0000
74.9015  2.0000
74.9098  0.0000
74.9180  1.0000
74.9263  0.0000
74.9346  0.0000
74.9428  1.0000
74.9511  1.0000
74.9593  0.0000
74.9676  0.0000
74.9759  0.0000
74.9841  2.0000
74.9924  0.0000
75.0006  0.0000
75.0089  0.0000
75.0172  0.0000
75.0254  1.0000
75.0337  0.0000
75.0419  0.0000
75.0502  1.0000
75.0585  2.0000
75.0667  2.0000
75.0750  1.0000
75.0832  1.0000
75.0915  0.0000
75.0998  0.0000
75.1080  1.0000
75.1163  0.0000
75.1245  0.0000
75.1328  2.0000
75.1411  1.0000
75.1493  0.0000
75.1576  0.0000
75.1658  0.0000
75.1741  0.0000
75.1824  0.0000
75.1906  0.0000
75.1989  2.0000
75.2071  1.0000
75.2154  0.0000
75.2237  0.0000
75.2319  0.0000
75.2402  0.0000
75.2484  1.0000
75.2567  1.0000
75.2650  0.0000
75.2732  1.0000
75.2815  0.0000
75.2897  0.0000
75.2980  1.0000
75.3063  1.0000
75.3145  1.0000
75.3228  1.0000
75.3310  0.0000
75.3393  0.0000
75.3476  0.0000
75.3558  0.0000
75.3641  0.0000
75.3723  1.0000
75.3806  0.0000
75.3889  0.0000
75.3971  1.0000
75.4054  0.0000
75.4136  0.0000
75.4219  2.0000
75.4302  1.0000
75.4384  0.0000
75.4467  1.0000
75.4549  0.0000
75.4632  0.0000
75.4715  0.0000
75.4797  1.0000
75.4880  0.0000
75.4962  2.0000
75.5045  0.0000
75.5128  0.0000
75.5210  0.0000
75.5293  0.0000
75.5375  3.0000
75.5458  2.0000
75.5541  1.0000
75.5623  1.0000
75.5706  1.0000
75.5788  2.0000
75.5871  1.0000
75.5954  2.0000
75.6036  0.0000
75.6119  0.0000
75.6201  0.0000
75.6284  0.0000
75.6367  1.0000
75.6449  0.0000
75.6532  0.0000
75.6614  1.0000
75.6697  0.0000
75.6780  1.0000
75.6862  0.0000
75.6945  0.0000
75.7027  1.0000
75.7110  0.0000
75.7193  2.0000
75.7275  0.0000
75.7358  0.0000
75.7440  0.0000
75.7523  0.0000
75.7606  1.0000
75.7688  0.0000
75.7771  2.0000
75.7853  0.0000
75.7936  1.0000
75.8019  1.0000
75.8101  2.0000
75.8184  2.0000
75.8266  1.0000
75.8349  0.0000
75.8432  1.0000
75.8514  1.0000
75.8597  0.0000
75.8679  0.0000
75.8762  1.0000
75.8845  1.0000
75.8927  0.0000
75.9010  2.0000
75.9092  2.0000
75.9175  1.0000
75.9258  0.0000
75.9340  2.0000
75.9423  1.0000
75.9505  0.0000
75.9588  2.0000
75.9671  0.0000
75.9753  1.0000
75.9836  0.0000
75.9918  0.0000
76.0001  0.0000
76.0084  0.0000
76.0166  2.0000
76.0249  1.0000
76.0331  1.0000
76.0414  0.0000
76.0497  0.0000
76.0579  2.0000
76.0662  0.0000
76.0744  1.0000
76.0827  0.0000
76.0910  1.0000
76.0992  0.0000
76.1075  0.0000
76.1157  1.0000
76.1240  2.0000
76.1323  3.0000
76.1405  1.0000
76.1488  1.0000
76.1570  0.0000
76.1653  2.0000
76.1736  1.0000
76.1818  2.0000
76.1901  0.0000
76.1983  2.0000
76.2066  3.0000
76.2149  2.0000
76.2231  0.0000
76.2314  0.0000
76.2396  1.0000
76.2479  0.0000
76.2562  1.0000
76.2644  0.0000
76.2727  3.0000
76.2809  1.0000
76.2892  4.0000
76.2975  1.0000
76.3057  1.0000
76.3140  3.0000
76.3222  3.0000
76.3305  3.0000
76.3388  3.0000
76.3470  3.0000
76.3553  0.0000
76.3635  4.0000
76.3718  6.0000
76.3801  5.0000
76.3883  6.0000
76.3966  4.0000
76.4048  6.0000
76.4131  9.0000
76.4214  4.0000
76.4296  4.0000
76.4379  4.0000
76.4461  4.0000
76.4544  8.0000
76.4627 15.0000
76.4709 11.0000
76.4792  6.0000
76.4874  6.0000
76.4957  5.0000
76.5040 12.0000
76.5122 15.0000
76.5205 10.0000
76.5287 16.0000
76.5370  8.0000
76.5453  7.0000
76.5535 15.0000
76.5618 11.0000
76.5700 27.0000
76.5783 14.0000
76.5866 29.0000
76.5948 14.0000
76.6031 19.0000
76.6113 22.0000
76.6196 27.0000
76.6279 31.0000
76.6361 27.0000
76.6444 16.0000
76.6526 21.0000
76.6609 28.0000
76.6692 21.0000
76.6774 21.0000
76.6857 28.0000
76.6939 25.0000
76.7022 28.0000
76.7105 28.0000
76.7187 28.0000
76.7270 26.0000
76.7352 21.0000
76.7435 16.0000
76.7518 27.0000
76.7600 19.0000
76.7683 22.0000
76.7765 13.0000
76.7848 22.0000
76.7931 18.0000
76.8013 20.0000
76.8096 23.0000
76.8178 22.0000
76.8261 14.0000
76.8344 18.0000
76.8426 15.0000
76.8509 15.0000
76.8591 17.0000
76.8674 13.0000
76.8757 16.0000
76.8839  8.0000
76.8922  9.0000
76.9004  8.0000
76.9087  8.0000
76.9170  5.0000
76.9252  9.0000
76.9335  4.0000
76.9417  6.0000
76.9500  9.0000
76.9583  2.0000
76.9665  6.0000
76.9748  4.0000
76.9830  6.0000
76.9913  4.0000
76.9996  2.0000
77.0078  2.0000
77.0161  3.0000
77.0243  5.0000
77.0326  3.0000
77.0409  3.0000
77.0491  3.0000
77.0574  4.0000
77.0656  3.0000
77.0739  3.0000
77.0822  1.0000
77.0904  2.0000
77.0987  1.0000
77.1069  3.0000
77.1152  1.0000
77.1235  1.0000
77.1317  1.0000
77.1400  2.0000
77.1482  2.0000
77.1565  1.0000
77.1648  4.0000
77.1730  0.0000
77.1813  1.0000
77.1895  1.0000
77.1978  3.0000
77.2061  2.0000
77.2143  0.0000
77.2226  0.0000
77.2308  1.0000
77.2391  2.0000
77.2474  1.0000
77.2556  2.0000
77.2639  2.0000
77.2721  1.0000
77.2804  1.0000
77.2887  0.0000
77.2969  1.0000
77.3052  0.0000
77.3134  0.0000
77.3217  1.0000
77.3300  1.0000
77.3382  0.0000
77.3465  0.0000
77.3547  2.0000
77.3630  0.0000
77.3713  0.0000
77.3795  0.0000
77.3878  1.0000
77.3960  2.0000
77.4043  0.0000
77.4126  0.0000
77.4208  1.0000
77.4291  1.0000
77.4373  0.0000
77.4456  1.0000
77.4539  1.0000
77.4621  0.0000
77.4704  1.0000
77.4786  1.0000
77.4869  1.0000
77.4952  0.0000
77.5034  1.0000
77.5117  0.0000
77.5199  0.0000
77.5282  0.0000
77.5365  2.0000
77.5447  0.0000
77.5530  1.0000
77.5612  0.0000
77.5695  1.0000
77.5778  0.0000
77.5860  0.0000
77.5943  0.0000
77.6025  2.0000
77.6108  2.0000
77.6191  1.0000
77.6273  2.0000
77.6356  0.0000
77.6438  0.0000
77.6521  1.0000
77.6604  0.0000
77.6686  1.0000
77.6769  0.0000
77.6851  0.0000
77.6934  0.0000
77.7017  0.0000
77.7099  0.0000
77.7182  0.0000
77.7264  0.0000
77.7347  2.0000
77.7430  0.0000
77.7512  2.0000
77.7595  2.0000
77.7677  1.0000
77.7760  0.0000
77.7843  1.0000
77.7925  0.0000
77.8008  0.0000
77.8090  0.0000
77.8173  2.0000
77.8256  0.0000
77.8338  0.0000
77.8421  1.0000
77.8503  0.0000
77.8586  1.0000
77.8669  0.0000
77.8751  1.0000
77.8834  1.0000
77.8916  0.0000
77.8999  1.0000
77.9082  1.0000
77.9164  0.0000
77.9247  0.0000
77.9329  0.0000
77.9412  1.0000
77.9495  0.0000
77.9577  0.0000
77.9660  0.0000
77.9742  1.0000
77.9825  2.0000
77.9908  1.0000
77.9990  0.0000
78.0073  0.0000
78.0155  0.0000
78.0238  0.0000
78.0321  0.0000
78.0403  1.0000
78.0486  0.0000
78.0568  1.0000
78.0651  1.0000
78.0734  0.0000
78.0816  2.0000
78.0899  1.0000
78.0981  2.0000
78.1064  0.0000
78.1147  1.0000
78.1229  0.0000
78.1312  0.0000
78.1394  0.0000
78.1477  0.0000
78.1560  0.0000
78.1642  3.0000
78.1725  0.0000
78.1807  1.0000
78.1890  2.0000
78.1973  0.0000
78.2055  0.0000
78.2138  1.0000
78.2220  0.0000
78.2303  0.0000
78.2386  1.0000
78.2468  0.0000
78.2551  0.0000
78.2633  0.0000
78.2716  1.0000
78.2799  0.0000
78.2881  0.0000
78.2964  0.0000
78.3046  2.0000
78.3129  0.0000
78.3212  1.0000
78.3294  0.0000
78.3377  1.0000
78.3459  0.0000
78.3542  0.0000
78.3625  0.0000
78.3707  0.0000
78.3790  2.0000
78.3872  1.0000
78.3955  0.0000
78.4038  1.0000
78.4120  0.0000
78.4203  0.0000
78.4285  2.0000
78.4368  0.0000
78.4451  0.0000
78.4533  1.0000
78.4616  4.0000
78.4698  0.0000
78.4781  0.0000
78.4864  0.0000
78.4946  0.0000
78.5029  0.0000
78.5111  0.0000
78.5194  1.0000
78.5277  1.0000
78.5359  0.0000
78.5442  0.0000
78.5524  0.0000
78.5607  0.0000
78.5690  1.0000
78.5772  0.0000
78.5855  0.0000
78.5937  0.0000
78.6020  1.0000
78.6103  1.0000
78.6185  1.0000
78.6268  0.0000
78.6350  1.0000
78.6433  1.0000
78.6516  2.0000
78.6598  2.0000
78.6681  0.0000
78.6763  0.0000
78.6846  1.0000
78.6929  0.0000
78.7011  2.0000
78.7094  1.0000
78.7176  1.0000
78.7259  0.0000
78.7342  0.0000
78.7424  0.0000
78.7507  0.0000
78.7589  1.0000
78.7672  0.0000
78.7755  0.0000
78.7837  0.0000
78.7920  0.0000
78.8002  0.0000
78.8085  1.0000
78.8168  0.0000
78.8250  0.0000
78.8333  0.0000
78.8415  0.0000
78.8498  0.0000
78.8581  1.0000
