89.5859  1.0000
89.5941  0.0000
89.6024  1.0000
89.6107  0.0000
89.6189  0.0000
89.6272  0.0000
89.6354  0.0000
89.6437  0.0000
89.6520  0.0000
89.6602  0.0000
89.6685  1.0000
89.6767  0.0000
89.6850  1.0000
89.6933  0.0000
89.7015  0.0000
89.7098  2.0000
89.7180  0.0000
89.7263  2.0000
89.7346  0.0000
89.7428  1.0000
89.7511  2.0000
89.7593  1.0000
89.7676  1.0000
89.7759  1.0000
89.7841  0.0000
89.7924  0.0000
89.8006  2.0000
89.8089  1.0000
89.8172  1.0000
89.8254  2.0000
89.8337  0.0000
89.8419  2.0000
89.8502  1.0000
89.8585  3.0000
89.8667  2.0000
89.8750  1.0000
89.8832  0.0000
89.8915  1.0000
89.8998  1.0000
89.9080  0.0000
89.9163  1.0000
89.9245  1.0000
89.9328  1.0000
89.9411  1.0000
89.9493  0.0000
89.9576  1.0000
89.9658  1.0000
89.9741  1.0000
89.9824  0.0000
89.9906  0.0000
89.9989  0.0000
90.0071  2.0000
90.0154  1.0000
90.0237  0.0000
90.0319  1.0000
90.0402  0.0000
90.0484  0.0000
90.0567  3.0000
90.0650  0.0000
90.0732  2.0000
90.0815  1.0000
90.0897  0.0000
90.0980  1.0000
90.1063  2.0000
90.1145  0.0000
90.1228  1.0000
90.1310  0.0000
90.1393  1.0000
90.1476  1.0000
90.1558  0.0000
90.1641  0.0000
90.1723  0.0000
90.1806  2.0000
90.1889  1.0000
90.1971  0.0000
90.2054  0.0000
90.2136  0.0000
90.2219  2.0000
90.2302  0.0000
90.2384  1.0000
90.2467  3.0000
90.2549  0.0000
90.2632  1.0000
90.2715  0.0000
90.2797  1.0000
90.2880  0.0000
90.2962  1.0000
90.3045  0.0000
90.3128  3.0000
90.3210  1.0000
90.3293  1.0000
90.3375  1.0000
90.3458  2.0000
90.3541  1.0000
90.3623  0.0000
90.3706  1.0000
90.3788  0.0000
90.3871  1.0000
90.3954  1.0000
90.4036  2.0000
90.4119  3.0000
90.4201  1.0000
90.4284  1.0000
90.4367  1.0000
90.4449  1.0000
90.4532  1.0000
90.4614  0.0000
90.4697  2.0000
90.4780  1.0000
90.4862  4.0000
90.4945  0.0000
90.5027  0.0000
90.5110  2.0000
90.5193  0.0000
90.5275  1.0000
90.5358  0.0000
90.5440  2.0000
90.5523  0.0000
90.5606  0.0000
90.5688  2.0000
90.5771  1.0000
90.5853  0.0000
90.5936  0.0000
90.6019  4.0000
90.6101  0.0000
90.6184  2.0000
90.6266  1.0000
90.6349  1.0000
90.6432  0.0000
90.6514  1.0000
90.6597  2.0000
90.6679  2.0000
90.6762  0.0000
90.6845  0.0000
90.6927  0.0000
90.7010  0.0000
90.7092  2.0000
90.7175  0.0000
90.7258  2.0000
90.7340  2.0000
90.7423  2.0000
90.7505  0.0000
90.7588  1.0000
90.7671  1.0000
90.7753  1.0000
90.7836  0.0000
90.7918  3.0000
90.8001  0.0000
90.8084  0.0000
90.8166  1.0000
90.8249  0.0000
90.8331  0.0000
90.8414  2.0000
90.8497  0.0000
90.8579  1.0000
90.8662  1.0000
90.8744  1.0000
90.8827  1.0000
90.8910  0.0000
90.8992  1.0000
90.9075  1.0000
90.9157  1.0000
90.9240  1.0000
90.9323  4.0000
90.9405  1.0000
90.9488  1.0000
90.9570  0.0000
90.9653  3.0000
90.9736  0.0000
90.9818  2.0000
90.9901  2.0000
90.9983  1.0000
91.0066  0.0000
91.0149  0.0000
91.0231  1.0000
91.0314  0.0000
91.0396  1.0000
91.0479  7.0000
91.0562  2.0000
91.0644  2.0000
91.0727  2.0000
91.0809  2.0000
91.0892  0.0000
91.0975  0.0000
91.1057  2.0000
91.1140  0.0000
91.1222  0.0000
91.1305  0.0000
91.1388  2.0000
91.1470  1.0000
91.1553  1.0000
91.1635  1.0000
91.1718  3.0000
91.1801  3.0000
91.1883  2.0000
91.1966  1.0000
91.2048  3.0000
91.2131  2.0000
91.2214  1.0000
91.2296  0.0000
91.2379  1.0000
91.2461  2.0000
91.2544  0.0000
91.2627  3.0000
91.2709  2.0000
91.2792  4.0000
91.2874  2.0000
91.2957  3.0000
91.3040  3.0000
91.3122  3.0000
91.3205  2.0000
91.3287  3.0000
91.3370  5.0000
91.3453  4.0000
91.3535  1.0000
91.3618  1.0000
91.3700  5.0000
91.3783  3.0000
91.3866  3.0000
91.3948  5.0000
91.4031  2.0000
91.4113  7.0000
91.4196  3.0000
91.4279  5.0000
91.4361  4.0000
91.4444  4.0000
91.4526  1.0000
91.4609  9.0000
91.4692  4.0000
91.4774  7.0000
91.4857  6.0000
91.4939  4.0000
91.5022  4.0000
91.5105  8.0000
91.5187  6.0000
91.5270  6.0000
91.5352  1.0000
91.5435  6.0000
91.5518  8.0000
91.5600  9.0000
91.5683 12.0000
91.5765  6.0000
91.5848 10.0000
91.5931  7.0000
91.6013  8.0000
91.6096 13.0000
91.6178 13.0000
91.6261 13.0000
91.6344 14.0000
91.6426 22.0000
91.6509 21.0000
91.6591 21.0000
91.6674 22.0000
91.6757 29.0000
91.6839 16.0000
91.6922 15.0000
91.7004 15.0000
91.7087 21.0000
91.7170 23.0000
91.7252 29.0000
91.7335 23.0000
91.7417 28.0000
91.7500 18.0000
91.7583 26.0000
91.7665 28.0000
91.7748 29.0000
91.7830 25.0000
91.7913 42.0000
91.7996 30.0000
91.8078 38.0000
91.8161 25.0000
91.8243 54.0000
91.8326 32.0000
91.8409 30.0000
91.8491 54.0000
91.8574 45.0000
91.8656 38.0000
91.8739 47.0000
91.8822 44.0000
91.8904 57.0000
91.8987 46.0000
91.9069 47.0000
91.9152 33.0000
91.9235 54.0000
91.9317 45.0000
91.9400 54.0000
91.9482 40.0000
91.9565 37.0000
91.9648 37.0000
91.9730 55.0000
91.9813 48.0000
91.9895 58.0000
91.9978 45.0000
92.0061 44.0000
92.0143 48.0000
92.0226 51.0000
92.0308 50.0000
92.0391 51.0000
92.0474 35.0000
92.0556 51.0000
92.0639 44.0000
92.0721 36.0000
92.0804 40.0000
92.0887 38.0000
92.0969 38.0000
92.1052 41.0000
92.1134 47.0000
92.1217 36.0000
92.1300 33.0000
92.1382 34.0000
92.1465 31.0000
92.1547 32.0000
92.1630 32.0000
92.1713 28.0000
92.1795 24.0000
92.1878 24.0000
92.1960 23.0000
92.2043 16.0000
92.2126 21.0000
92.2208 28.0000
92.2291 21.0000
92.2373 22.0000
92.2456 18.0000
92.2539 14.0000
92.2621 23.0000
92.2704  8.0000
92.2786 10.0000
92.2869 13.0000
92.2952  5.0000
92.3034 16.0000
92.3117 11.0000
92.3199  5.0000
92.3282  9.0000
92.3365  9.0000
92.3447  6.0000
92.3530  8.0000
92.3612 10.0000
92.3695 11.0000
92.3778  5.0000
92.3860  1.0000
92.3943  6.0000
92.4025  5.0000
92.4108  8.0000
92.4191 10.0000
92.4273  7.0000
92.4356  2.0000
92.4438  4.0000
92.4521  4.0000
92.4604  2.0000
92.4686  3.0000
92.4769  1.0000
92.4851  1.0000
92.4934  5.0000
92.5017  5.0000
92.5099  2.0000
92.5182  4.0000
92.5264  4.0000
92.5347  4.0000
92.5430  3.0000
92.5512  2.0000
92.5595  2.0000
92.5677  1.0000
92.5760  1.0000
92.5843  3.0000
92.5925  1.0000
92.6008  3.0000
92.6090  2.0000
92.6173  1.0000
92.6256  1.0000
92.6338  4.0000
92.6421  3.0000
92.6503  2.0000
92.6586  2.0000
92.6669  2.0000
92.6751  4.0000
92.6834  2.0000
92.6916  1.0000
92.6999  2.0000
92.7082  1.0000
92.7164  1.0000
92.7247  2.0000
92.7329  0.0000
92.7412  1.0000
92.7495  2.0000
92.7577  1.0000
92.7660  1.0000
92.7742  0.0000
92.7825  1.0000
92.7908  0.0000
92.7990  0.0000
92.8073  1.0000
92.8155  2.0000
92.8238  3.0000
92.8321  2.0000
92.8403  2.0000
92.8486  1.0000
92.8568  1.0000
92.8651  2.0000
92.8734  2.0000
92.8816  2.0000
92.8899  0.0000
92.8981  2.0000
92.9064  1.0000
92.9147  2.0000
92.9229  0.0000
92.9312  2.0000
92.9394  1.0000
92.9477  2.0000
92.9560  1.0000
92.9642  2.0000
92.9725  0.0000
92.9807  1.0000
92.9890  1.0000
92.9973  0.0000
93.0055  1.0000
93.0138  1.0000
93.0220  0.0000
93.0303  1.0000
93.0386  1.0000
93.0468  0.0000
93.0551  0.0000
93.0633  1.0000
93.0716  1.0000
93.0799  1.0000
93.0881  3.0000
93.0964  0.0000
93.1046  3.0000
93.1129  3.0000
93.1212  0.0000
93.1294  0.0000
93.1377  0.0000
93.1459  2.0000
93.1542  1.0000
93.1625  1.0000
93.1707  0.0000
93.1790  1.0000
93.1872  0.0000
93.1955  3.0000
93.2038  1.0000
93.2120  3.0000
93.2203  1.0000
93.2285  2.0000
93.2368  0.0000
93.2451  0.0000
93.2533  0.0000
93.2616  0.0000
93.2698  0.0000
93.2781  1.0000
93.2864  2.0000
93.2946  0.0000
93.3029  0.0000
93.3111  0.0000
93.3194  2.0000
93.3277  2.0000
93.3359  0.0000
93.3442  0.0000
93.3524  0.0000
93.3607  2.0000
93.3690  0.0000
93.3772  1.0000
93.3855  1.0000
93.3937  1.0000
93.4020  1.0000
93.4103  2.0000
93.4185  2.0000
93.4268  0.0000
93.4350  0.0000
93.4433  1.0000
93.4516  1.0000
93.4598  1.0000
93.4681  0.0000
93.4763  1.0000
93.4846  0.0000
93.4929  0.0000
93.5011  2.0000
93.5094  0.0000
93.5176  0.0000
93.5259  1.0000
93.5342  0.0000
93.5424  0.0000
93.5507  1.0000
93.5589  0.0000
93.5672  0.0000
93.5755  1.0000
93.5837  0.0000
93.5920  0.0000
93.6002  0.0000
93.6085  0.0000
93.6168  1.0000
