74.8107  1.0000
74.8189  0.0000
74.8272  0.0000
74.8354  0.0000
74.8437  0.0000
74.8520  1.0000
74.8602  0.0000
74.8685  0.0000
74.8767  0.0000
74.8850  0.0000
74.8933  0.0000
74.9015  1.0000
74.9098  0.0000
74.9180  1.0000
74.9263  0.0000
74.9346  0.0000
74.9428  0.0000
74.9511  0.0000
74.9593  0.0000
74.9676  0.0000
74.9759  2.0000
74.9841  0.0000
74.9924  0.0000
75.0006  0.0000
75.0089  0.0000
75.0172  0.0000
75.0254  0.0000
75.0337  0.0000
75.0419  0.0000
75.0502  1.0000
75.0585  0.0000
75.0667  0.0000
75.0750  1.0000
75.0832  0.0000
75.0915  0.0000
75.0998  0.0000
75.1080  0.0000
75.1163  1.0000
75.1245  0.0000
75.1328  0.0000
75.1411  2.0000
75.1493  0.0000
75.1576  0.0000
75.1658  1.0000
75.1741  0.0000
75.1824  0.0000
75.1906  1.0000
75.1989  1.0000
75.2071  0.0000
75.2154  0.0000
75.2237  0.0000
75.2319  0.0000
75.2402  1.0000
75.2484  1.0000
75.2567  0.0000
75.2650  0.0000
75.2732  0.0000
75.2815  0.0000
75.2897  1.0000
75.2980  2.0000
75.3063  0.0000
75.3145  1.0000
75.3228  1.0000
75.3310  0.0000
75.3393  0.0000
75.3476  0.0000
75.3558  0.0000
75.3641  1.0000
75.3723  0.0000
75.3806  2.0000
75.3889  0.0000
75.3971  0.0000
75.4054  0.0000
75.4136  0.0000
75.4219  0.0000
75.4302  0.0000
75.4384  0.0000
75.4467  1.0000
75.4549  1.0000
75.4632  2.0000
75.4715  1.0000
75.4797  1.0000
75.4880  0.0000
75.4962  1.0000
75.5045  0.0000
75.5128  1.0000
75.5210  1.0000
75.5293  0.0000
75.5375  0.0000
75.5458  0.0000
75.5541  2.0000
75.5623  1.0000
75.5706  2.0000
75.5788  1.0000
75.5871  0.0000
75.5954  0.0000
75.6036  1.0000
75.6119  1.0000
75.6201  3.0000
75.6284  0.0000
75.6367  0.0000
75.6449  0.0000
75.6532  1.0000
75.6614  1.0000
75.6697  0.0000
75.6780  0.0000
75.6862  0.0000
75.6945  1.0000
75.7027  0.0000
75.7110  0.0000
75.7193  2.0000
75.7275  1.0000
75.7358  0.0000
75.7440  2.0000
75.7523  1.0000
75.7606  2.0000
75.7688  1.0000
75.7771  0.0000
75.7853  0.0000
75.7936  0.0000
75.8019  0.0000
75.8101  1.0000
75.8184  0.0000
75.8266  0.0000
75.8349  0.0000
75.8432  2.0000
75.8514  0.0000
75.8597  3.0000
75.8679  1.0000
75.8762  0.0000
75.8845  0.0000
75.8927  1.0000
75.9010  1.0000
75.9092  1.0000
75.9175  0.0000
75.9258  0.0000
75.9340  0.0000
75.9423  1.0000
75.9505  1.0000
75.9588  1.0000
75.9671  2.0000
75.9753  0.0000
75.9836  0.0000
75.9918  3.0000
76.0001  0.0000
76.0084  0.0000
76.0166  0.0000
76.0249  0.0000
76.0331  0.0000
76.0414  1.0000
76.0497  2.0000
76.0579  0.0000
76.0662  0.0000
76.0744  1.0000
76.0827  0.0000
76.0910  2.0000
76.0992  0.0000
76.1075  0.0000
76.1157  2.0000
76.1240  2.0000
76.1323  1.0000
76.1405  1.0000
76.1488  0.0000
76.1570  0.0000
76.1653  1.0000
76.1736  1.0000
76.1818  0.0000
76.1901  2.0000
76.1983  1.0000
76.2066  1.0000
76.2149  1.0000
76.2231  0.0000
76.2314  2.0000
76.2396  0.0000
76.2479  0.0000
76.2562  1.0000
76.2644  0.0000
76.2727  2.0000
76.2809  1.0000
76.2892  2.0000
76.2975  0.0000
76.3057  1.0000
76.3140  0.0000
76.3222  0.0000
76.3305  1.0000
76.3388  1.0000
76.3470  1.0000
76.3553  2.0000
76.3635  1.0000
76.3718  0.0000
76.3801  1.0000
76.3883  0.0000
76.3966  1.0000
76.4048  3.0000
76.4131  3.0000
76.4214  1.0000
76.4296  0.0000
76.4379  1.0000
76.4461  0.0000
76.4544  1.0000
76.4627  2.0000
76.4709  0.0000
76.4792  0.0000
76.4874  0.0000
76.4957  1.0000
76.5040  0.0000
76.5122  0.0000
76.5205  2.0000
76.5287  1.0000
76.5370  1.0000
76.5453  3.0000
76.5535  2.0000
76.5618  0.0000
76.5700  3.0000
76.5783  2.0000
76.5866  0.0000
76.5948  2.0000
76.6031  5.0000
76.6113  2.0000
76.6196  3.0000
76.6279  1.0000
76.6361  2.0000
76.6444  4.0000
76.6526  2.0000
76.6609  2.0000
76.6692  2.0000
76.6774  7.0000
76.6857  4.0000
76.6939  7.0000
76.7022  4.0000
76.7105  5.0000
76.7187  4.0000
76.7270 12.0000
76.7352  8.0000
76.7435 13.0000
76.7518  7.0000
76.7600  7.0000
76.7683  7.0000
76.7765 13.0000
76.7848 10.0000
76.7931 12.0000
76.8013 10.0000
76.8096 10.0000
76.8178 16.0000
76.8261 11.0000
76.8344 19.0000
76.8426 13.0000
76.8509 26.0000
76.8591 15.0000
76.8674 20.0000
76.8757 20.0000
76.8839 22.0000
76.8922 22.0000
76.9004 26.0000
76.9087 23.0000
76.9170 14.0000
76.9252 29.0000
76.9335 22.0000
76.9417 21.0000
76.9500 28.0000
76.9583 18.0000
76.9665 22.0000
76.9748 28.0000
76.9830 27.0000
76.9913 28.0000
76.9996 22.0000
77.0078 21.0000
77.0161 33.0000
77.0243 22.0000
77.0326 22.0000
77.0409 21.0000
77.0491 21.0000
77.0574 19.0000
77.0656 31.0000
77.0739 19.0000
77.0822 22.0000
77.0904 15.0000
77.0987 23.0000
77.1069 21.0000
77.1152 16.0000
77.1235 21.0000
77.1317 15.0000
77.1400 15.0000
77.1482 10.0000
77.1565 10.0000
77.1648 12.0000
77.1730  7.0000
77.1813 10.0000
77.1895  8.0000
77.1978 13.0000
77.2061 15.0000
77.2143  9.0000
77.2226  8.0000
77.2308  6.0000
77.2391  8.0000
77.2474  4.0000
77.2556  6.0000
77.2639  6.0000
77.2721  2.0000
77.2804  5.0000
77.2887  2.0000
77.2969  4.0000
77.3052  5.0000
77.3134  5.0000
77.3217  2.0000
77.3300  2.0000
77.3382  2.0000
77.3465  4.0000
77.3547  2.0000
77.3630  1.0000
77.3713  0.0000
77.3795  2.0000
77.3878  2.0000
77.3960  2.0000
77.4043  2.0000
77.4126  3.0000
77.4208  0.0000
77.4291  1.0000
77.4373  1.0000
77.4456  1.0000
77.4539  1.0000
77.4621  0.0000
77.4704  1.0000
77.4786  0.0000
77.4869  0.0000
77.4952  0.0000
77.5034  2.0000
77.5117  1.0000
77.5199  1.0000
77.5282  2.0000
77.5365  0.0000
77.5447  0.0000
77.5530  0.0000
77.5612  0.0000
77.5695  0.0000
77.5778  0.0000
77.5860  1.0000
77.5943  2.0000
77.6025  0.0000
77.6108  0.0000
77.6191  1.0000
77.6273  0.0000
77.6356  1.0000
77.6438  0.0000
77.6521  2.0000
77.6604  0.0000
77.6686  2.0000
77.6769  1.0000
77.6851  1.0000
77.6934  3.0000
77.7017  2.0000
77.7099  1.0000
77.7182  0.0000
77.7264  1.0000
77.7347  1.0000
77.7430  1.0000
77.7512  1.0000
77.7595  2.0000
77.7677  2.0000
77.7760  3.0000
77.7843  1.0000
77.7925  2.0000
77.8008  0.0000
77.8090  2.0000
77.8173  0.0000
77.8256  0.0000
77.8338  2.0000
77.8421  2.0000
77.8503  0.0000
77.8586  0.0000
77.8669  1.0000
77.8751  0.0000
77.8834  0.0000
77.8916  0.0000
77.8999  1.0000
77.9082  1.0000
77.9164  2.0000
77.9247  0.0000
77.9329  1.0000
77.9412  0.0000
77.9495  0.0000
77.9577  0.0000
77.9660  1.0000
77.9742  0.0000
77.9825  1.0000
77.9908  1.0000
77.9990  1.0000
78.0073  0.0000
78.0155  0.0000
78.0238  2.0000
78.0321  1.0000
78.0403  0.0000
78.0486  1.0000
78.0568  0.0000
78.0651  0.0000
78.0734  3.0000
78.0816  0.0000
78.0899  2.0000
78.0981  0.0000
78.1064  0.0000
78.1147  0.0000
78.1229  1.0000
78.1312  1.0000
78.1394  0.0000
78.1477  0.0000
78.1560  1.0000
78.1642  2.0000
78.1725  0.0000
78.1807  2.0000
78.1890  0.0000
78.1973  1.0000
78.2055  2.0000
78.2138  1.0000
78.2220  0.0000
78.2303  3.0000
78.2386  0.0000
78.2468  0.0000
78.2551  0.0000
78.2633  0.0000
78.2716  0.0000
78.2799  0.0000
78.2881  1.0000
78.2964  4.0000
78.3046  0.0000
78.3129  0.0000
78.3212  1.0000
78.3294  0.0000
78.3377  1.0000
78.3459  2.0000
78.3542  0.0000
78.3625  0.0000
78.3707  0.0000
78.3790  2.0000
78.3872  2.0000
78.3955  0.0000
78.4038  1.0000
78.4120  0.0000
78.4203  0.0000
78.4285  0.0000
78.4368  0.0000
78.4451  1.0000
78.4533  1.0000
78.4616  1.0000
78.4698  0.0000
78.4781  0.0000
78.4864  0.0000
78.4946  1.0000
78.5029  1.0000
78.5111  0.0000
78.5194  2.0000
78.5277  0.0000
78.5359  1.0000
78.5442  1.0000
78.5524  0.0000
78.5607  1.0000
78.5690  1.0000
78.5772  0.0000
78.5855  1.0000
78.5937  0.0000
78.6020  0.0000
78.6103  0.0000
78.6185  1.0000
78.6268  3.0000
78.6350  0.0000
78.6433  0.0000
78.6516  1.0000
78.6598  0.0000
78.6681  0.0000
78.6763  0.0000
78.6846  0.0000
78.6929  1.0000
78.7011  0.0000
78.7094  0.0000
78.7176  1.0000
78.7259  0.0000
78.7342  0.0000
78.7424  0.0000
78.7507  0.0000
78.7589  0.0000
78.7672  1.0000
78.7755  1.0000
78.7837  0.0000
78.7920  0.0000
78.8002  0.0000
78.8085  1.0000
78.8168  0.0000
78.8250  0.0000
78.8333  0.0000
78.8415  0.0000
78.8498  0.0000
78.8581  1.0000
78.8663  0.0000
78.8746  1.0000
