89.6024  1.0000
89.6107  0.0000
89.6189  0.0000
89.6272  0.0000
89.6354  0.0000
89.6437  0.0000
89.6520  0.0000
89.6602  0.0000
89.6685  0.0000
89.6767  0.0000
89.6850  0.0000
89.6933  1.0000
89.7015  1.0000
89.7098  1.0000
89.7180  0.0000
89.7263  0.0000
89.7346  0.0000
89.7428  1.0000
89.7511  0.0000
89.7593  2.0000
89.7676  0.0000
89.7759  0.0000
89.7841  0.0000
89.7924  0.0000
89.8006  1.0000
89.8089  0.0000
89.8172  0.0000
89.8254  1.0000
89.8337  0.0000
89.8419  2.0000
89.8502  1.0000
89.8585  0.0000
89.8667  0.0000
89.8750  1.0000
89.8832  1.0000
89.8915  0.0000
89.8998  0.0000
89.9080  1.0000
89.9163  1.0000
89.9245  0.0000
89.9328  1.0000
89.9411  1.0000
89.9493  1.0000
89.9576  0.0000
89.9658  0.0000
89.9741  2.0000
89.9824  1.0000
89.9906  0.0000
89.9989  2.0000
90.0071  0.0000
90.0154  1.0000
90.0237  3.0000
90.0319  1.0000
90.0402  3.0000
90.0484  0.0000
90.0567  0.0000
90.0650  0.0000
90.0732  1.0000
90.0815  3.0000
90.0897  2.0000
90.0980  0.0000
90.1063  1.0000
90.1145  2.0000
90.1228  0.0000
90.1310  1.0000
90.1393  2.0000
90.1476  2.0000
90.1558  0.0000
90.1641  0.0000
90.1723  1.0000
90.1806  0.0000
90.1889  2.0000
90.1971  1.0000
90.2054  1.0000
90.2136  1.0000
90.2219  1.0000
90.2302  1.0000
90.2384  1.0000
90.2467  0.0000
90.2549  1.0000
90.2632  0.0000
90.2715  0.0000
90.2797  2.0000
90.2880  1.0000
90.2962  2.0000
90.3045  0.0000
90.3128  2.0000
90.3210  2.0000
90.3293  1.0000
90.3375  0.0000
90.3458  1.0000
90.3541  0.0000
90.3623  0.0000
90.3706  1.0000
90.3788  1.0000
90.3871  0.0000
90.3954  1.0000
90.4036  0.0000
90.4119  1.0000
90.4201  0.0000
90.4284  2.0000
90.4367  0.0000
90.4449  0.0000
90.4532  0.0000
90.4614  1.0000
90.4697  1.0000
90.4780  0.0000
90.4862  0.0000
90.4945  1.0000
90.5027  0.0000
90.5110  0.0000
90.5193  1.0000
90.5275  1.0000
90.5358  0.0000
90.5440  0.0000
90.5523  0.0000
90.5606  0.0000
90.5688  1.0000
90.5771  1.0000
90.5853  0.0000
90.5936  1.0000
90.6019  2.0000
90.6101  1.0000
90.6184  3.0000
90.6266  0.0000
90.6349  1.0000
90.6432  0.0000
90.6514  3.0000
90.6597  0.0000
90.6679  1.0000
90.6762  1.0000
90.6845  1.0000
90.6927  1.0000
90.7010  3.0000
90.7092  1.0000
90.7175  1.0000
90.7258  0.0000
90.7340  1.0000
90.7423  5.0000
90.7505  1.0000
90.7588  0.0000
90.7671  0.0000
90.7753  0.0000
90.7836  1.0000
90.7918  1.0000
90.8001  2.0000
90.8084  1.0000
90.8166  2.0000
90.8249  0.0000
90.8331  1.0000
90.8414  1.0000
90.8497  2.0000
90.8579  1.0000
90.8662  0.0000
90.8744  1.0000
90.8827  1.0000
90.8910  1.0000
90.8992  3.0000
90.9075  2.0000
90.9157  1.0000
90.9240  1.0000
90.9323  2.0000
90.9405  2.0000
90.9488  2.0000
90.9570  0.0000
90.9653  3.0000
90.9736  4.0000
90.9818  2.0000
90.9901  1.0000
90.9983  4.0000
91.0066  1.0000
91.0149  0.0000
91.0231  0.0000
91.0314  5.0000
91.0396  5.0000
91.0479  2.0000
91.0562  2.0000
91.0644  1.0000
91.0727  1.0000
91.0809  1.0000
91.0892  2.0000
91.0975  2.0000
91.1057  4.0000
91.1140  1.0000
91.1222  2.0000
91.1305  6.0000
91.1388  1.0000
91.1470  5.0000
91.1553  3.0000
91.1635  2.0000
91.1718  1.0000
91.1801  3.0000
91.1883  4.0000
91.1966  5.0000
91.2048  4.0000
91.2131  3.0000
91.2214  5.0000
91.2296  6.0000
91.2379  4.0000
91.2461  4.0000
91.2544  2.0000
91.2627 11.0000
91.2709  6.0000
91.2792  9.0000
91.2874 13.0000
91.2957  8.0000
91.3040 10.0000
91.3122  5.0000
91.3205 16.0000
91.3287 10.0000
91.3370 11.0000
91.3453 18.0000
91.3535  8.0000
91.3618 21.0000
91.3700 12.0000
91.3783 17.0000
91.3866 17.0000
91.3948 24.0000
91.4031 10.0000
91.4113 20.0000
91.4196 20.0000
91.4279 24.0000
91.4361 22.0000
91.4444 29.0000
91.4526 25.0000
91.4609 27.0000
91.4692 24.0000
91.4774 31.0000
91.4857 28.0000
91.4939 40.0000
91.5022 35.0000
91.5105 30.0000
91.5187 19.0000
91.5270 39.0000
91.5352 40.0000
91.5435 34.0000
91.5518 36.0000
91.5600 40.0000
91.5683 28.0000
91.5765 38.0000
91.5848 30.0000
91.5931 47.0000
91.6013 52.0000
91.6096 42.0000
91.6178 34.0000
91.6261 41.0000
91.6344 46.0000
91.6426 42.0000
91.6509 46.0000
91.6591 38.0000
91.6674 46.0000
91.6757 46.0000
91.6839 30.0000
91.6922 41.0000
91.7004 53.0000
91.7087 47.0000
91.7170 39.0000
91.7252 42.0000
91.7335 34.0000
91.7417 48.0000
91.7500 50.0000
91.7583 44.0000
91.7665 38.0000
91.7748 50.0000
91.7830 31.0000
91.7913 37.0000
91.7996 38.0000
91.8078 41.0000
91.8161 35.0000
91.8243 37.0000
91.8326 30.0000
91.8409 43.0000
91.8491 35.0000
91.8574 31.0000
91.8656 36.0000
91.8739 28.0000
91.8822 31.0000
91.8904 34.0000
91.8987 21.0000
91.9069 20.0000
91.9152 30.0000
91.9235 24.0000
91.9317 24.0000
91.9400 34.0000
91.9482 22.0000
91.9565 10.0000
91.9648 23.0000
91.9730 20.0000
91.9813 25.0000
91.9895 14.0000
91.9978 12.0000
92.0061 17.0000
92.0143 17.0000
92.0226  8.0000
92.0308  9.0000
92.0391 11.0000
92.0474 14.0000
92.0556 12.0000
92.0639  7.0000
92.0721  5.0000
92.0804  6.0000
92.0887 12.0000
92.0969  6.0000
92.1052  5.0000
92.1134  8.0000
92.1217  7.0000
92.1300  6.0000
92.1382 10.0000
92.1465  7.0000
92.1547  9.0000
92.1630  2.0000
92.1713  4.0000
92.1795  3.0000
92.1878  7.0000
92.1960  5.0000
92.2043  4.0000
92.2126  1.0000
92.2208  5.0000
92.2291  2.0000
92.2373  4.0000
92.2456  1.0000
92.2539  1.0000
92.2621  1.0000
92.2704  5.0000
92.2786  3.0000
92.2869  4.0000
92.2952  2.0000
92.3034  3.0000
92.3117  3.0000
92.3199  3.0000
92.3282  3.0000
92.3365  2.0000
92.3447  3.0000
92.3530  1.0000
92.3612  0.0000
92.3695  1.0000
92.3778  1.0000
92.3860  1.0000
92.3943  2.0000
92.4025  2.0000
92.4108  0.0000
92.4191  1.0000
92.4273  2.0000
92.4356  2.0000
92.4438  3.0000
92.4521  1.0000
92.4604  1.0000
92.4686  0.0000
92.4769  2.0000
92.4851  0.0000
92.4934  1.0000
92.5017  2.0000
92.5099  1.0000
92.5182  3.0000
92.5264  2.0000
92.5347  1.0000
92.5430  2.0000
92.5512  2.0000
92.5595  2.0000
92.5677  1.0000
92.5760  0.0000
92.5843  0.0000
92.5925  1.0000
92.6008  2.0000
92.6090  1.0000
92.6173  0.0000
92.6256  0.0000
92.6338  1.0000
92.6421  1.0000
92.6503  0.0000
92.6586  2.0000
92.6669  2.0000
92.6751  1.0000
92.6834  1.0000
92.6916  2.0000
92.6999  2.0000
92.7082  2.0000
92.7164  1.0000
92.7247  1.0000
92.7329  1.0000
92.7412  2.0000
92.7495  2.0000
92.7577  0.0000
92.7660  1.0000
92.7742  2.0000
92.7825  0.0000
92.7908  0.0000
92.7990  2.0000
92.8073  1.0000
92.8155  3.0000
92.8238  2.0000
92.8321  0.0000
92.8403  0.0000
92.8486  1.0000
92.8568  4.0000
92.8651  2.0000
92.8734  0.0000
92.8816  1.0000
92.8899  2.0000
92.8981  4.0000
92.9064  1.0000
92.9147  3.0000
92.9229  1.0000
92.9312  0.0000
92.9394  0.0000
92.9477  0.0000
92.9560  0.0000
92.9642  0.0000
92.9725  2.0000
92.9807  1.0000
92.9890  2.0000
92.9973  0.0000
93.0055  0.0000
93.0138  1.0000
93.0220  1.0000
93.0303  2.0000
93.0386  2.0000
93.0468  3.0000
93.0551  2.0000
93.0633  1.0000
93.0716  1.0000
93.0799  0.0000
93.0881  0.0000
93.0964  0.0000
93.1046  3.0000
93.1129  4.0000
93.1212  1.0000
93.1294  0.0000
93.1377  0.0000
93.1459  0.0000
93.1542  0.0000
93.1625  0.0000
93.1707  1.0000
93.1790  1.0000
93.1872  0.0000
93.1955  1.0000
93.2038  1.0000
93.2120  0.0000
93.2203  1.0000
93.2285  0.0000
93.2368  0.0000
93.2451  1.0000
93.2533  1.0000
93.2616  0.0000
93.2698  0.0000
93.2781  3.0000
93.2864  0.0000
93.2946  2.0000
93.3029  1.0000
93.3111  2.0000
93.3194  0.0000
93.3277  1.0000
93.3359  1.0000
93.3442  1.0000
93.3524  0.0000
93.3607  1.0000
93.3690  0.0000
93.3772  1.0000
93.3855  0.0000
93.3937  2.0000
93.4020  1.0000
93.4103  2.0000
93.4185  1.0000
93.4268  1.0000
93.4350  0.0000
93.4433  0.0000
93.4516  0.0000
93.4598  3.0000
93.4681  0.0000
93.4763  0.0000
93.4846  0.0000
93.4929  0.0000
93.5011  0.0000
93.5094  0.0000
93.5176  2.0000
93.5259  1.0000
93.5342  0.0000
93.5424  1.0000
93.5507  0.0000
93.5589  2.0000
93.5672  0.0000
93.5755  1.0000
93.5837  0.0000
93.5920  0.0000
93.6002  0.0000
93.6085  0.0000
93.6168  0.0000
93.6250  1.0000
93.6333  0.0000
93.6415  0.0000
93.6498  0.0000
93.6581  0.0000
93.6663  0.0000
93.6746  1.0000
93.6828  1.0000
