89.5281  1.0000
89.5363  0.0000
89.5446  0.0000
89.5528  0.0000
89.5611  0.0000
89.5694  0.0000
89.5776  1.0000
89.5859  0.0000
89.5941  1.0000
89.6024  0.0000
89.6107  0.0000
89.6189  0.0000
89.6272  1.0000
89.6354  1.0000
89.6437  1.0000
89.6520  0.0000
89.6602  0.0000
89.6685  0.0000
89.6767  1.0000
89.6850  1.0000
89.6933  0.0000
89.7015  2.0000
89.7098  1.0000
89.7180  1.0000
89.7263  0.0000
89.7346  0.0000
89.7428  1.0000
89.7511  2.0000
89.7593  3.0000
89.7676  1.0000
89.7759  0.0000
89.7841  0.0000
89.7924  0.0000
89.8006  2.0000
89.8089  0.0000
89.8172  1.0000
89.8254  0.0000
89.8337  1.0000
89.8419  0.0000
89.8502  1.0000
89.8585  3.0000
89.8667  1.0000
89.8750  0.0000
89.8832  1.0000
89.8915  1.0000
89.8998  1.0000
89.9080  2.0000
89.9163  0.0000
89.9245  4.0000
89.9328  0.0000
89.9411  1.0000
89.9493  2.0000
89.9576  0.0000
89.9658  0.0000
89.9741  1.0000
89.9824  0.0000
89.9906  4.0000
89.9989  1.0000
90.0071  0.0000
90.0154  1.0000
90.0237  0.0000
90.0319  0.0000
90.0402  2.0000
90.0484  0.0000
90.0567  1.0000
90.0650  0.0000
90.0732  2.0000
90.0815  1.0000
90.0897  0.0000
90.0980  2.0000
90.1063  1.0000
90.1145  2.0000
90.1228  1.0000
90.1310  2.0000
90.1393  2.0000
90.1476  1.0000
90.1558  3.0000
90.1641  0.0000
90.1723  4.0000
90.1806  1.0000
90.1889  2.0000
90.1971  2.0000
90.2054  2.0000
90.2136  0.0000
90.2219  0.0000
90.2302  2.0000
90.2384  0.0000
90.2467  4.0000
90.2549  2.0000
90.2632  0.0000
90.2715  4.0000
90.2797  2.0000
90.2880  1.0000
90.2962  0.0000
90.3045  4.0000
90.3128  2.0000
90.3210  4.0000
90.3293  1.0000
90.3375  0.0000
90.3458  0.0000
90.3541  1.0000
90.3623  3.0000
90.3706  3.0000
90.3788  2.0000
90.3871  0.0000
90.3954  0.0000
90.4036  4.0000
90.4119  2.0000
90.4201  3.0000
90.4284  2.0000
90.4367  1.0000
90.4449  2.0000
90.4532  1.0000
90.4614  2.0000
90.4697  4.0000
90.4780  4.0000
90.4862  2.0000
90.4945  1.0000
90.5027  2.0000
90.5110  3.0000
90.5193  0.0000
90.5275  2.0000
90.5358  1.0000
90.5440  5.0000
90.5523  1.0000
90.5606  1.0000
90.5688  1.0000
90.5771  2.0000
90.5853  6.0000
90.5936  0.0000
90.6019  1.0000
90.6101  5.0000
90.6184  3.0000
90.6266  3.0000
90.6349  1.0000
90.6432  2.0000
90.6514  1.0000
90.6597  5.0000
90.6679  1.0000
90.6762  2.0000
90.6845  4.0000
90.6927  2.0000
90.7010  2.0000
90.7092  3.0000
90.7175  1.0000
90.7258  1.0000
90.7340  5.0000
90.7423  4.0000
90.7505  1.0000
90.7588  2.0000
90.7671  1.0000
90.7753  8.0000
90.7836  1.0000
90.7918  4.0000
90.8001  4.0000
90.8084  4.0000
90.8166  2.0000
90.8249  1.0000
90.8331  2.0000
90.8414  5.0000
90.8497  8.0000
90.8579  3.0000
90.8662  5.0000
90.8744  5.0000
90.8827  7.0000
90.8910  2.0000
90.8992  1.0000
90.9075  4.0000
90.9157  6.0000
90.9240  6.0000
90.9323  5.0000
90.9405  6.0000
90.9488  8.0000
90.9570  7.0000
90.9653  4.0000
90.9736  8.0000
90.9818  4.0000
90.9901  5.0000
90.9983  7.0000
91.0066  9.0000
91.0149  7.0000
91.0231  9.0000
91.0314  7.0000
91.0396  6.0000
91.0479  9.0000
91.0562 12.0000
91.0644 16.0000
91.0727  6.0000
91.0809 12.0000
91.0892  9.0000
91.0975 13.0000
91.1057 11.0000
91.1140 11.0000
91.1222 12.0000
91.1305 11.0000
91.1388 15.0000
91.1470 13.0000
91.1553 15.0000
91.1635 13.0000
91.1718 18.0000
91.1801 16.0000
91.1883 19.0000
91.1966 17.0000
91.2048 16.0000
91.2131 16.0000
91.2214 21.0000
91.2296 15.0000
91.2379 17.0000
91.2461 21.0000
91.2544 25.0000
91.2627 22.0000
91.2709 32.0000
91.2792 26.0000
91.2874 21.0000
91.2957 28.0000
91.3040 23.0000
91.3122 30.0000
91.3205 37.0000
91.3287 32.0000
91.3370 34.0000
91.3453 35.0000
91.3535 31.0000
91.3618 31.0000
91.3700 34.0000
91.3783 32.0000
91.3866 30.0000
91.3948 35.0000
91.4031 36.0000
91.4113 42.0000
91.4196 34.0000
91.4279 35.0000
91.4361 28.0000
91.4444 41.0000
91.4526 55.0000
91.4609 35.0000
91.4692 34.0000
91.4774 45.0000
91.4857 27.0000
91.4939 51.0000
91.5022 42.0000
91.5105 38.0000
91.5187 50.0000
91.5270 37.0000
91.5352 36.0000
91.5435 45.0000
91.5518 35.0000
91.5600 44.0000
91.5683 41.0000
91.5765 42.0000
91.5848 42.0000
91.5931 47.0000
91.6013 41.0000
91.6096 37.0000
91.6178 35.0000
91.6261 35.0000
91.6344 45.0000
91.6426 35.0000
91.6509 43.0000
91.6591 46.0000
91.6674 31.0000
91.6757 39.0000
91.6839 45.0000
91.6922 27.0000
91.7004 26.0000
91.7087 35.0000
91.7170 29.0000
91.7252 29.0000
91.7335 42.0000
91.7417 27.0000
91.7500 31.0000
91.7583 32.0000
91.7665 31.0000
91.7748 27.0000
91.7830 24.0000
91.7913 33.0000
91.7996 30.0000
91.8078 24.0000
91.8161 24.0000
91.8243 16.0000
91.8326 22.0000
91.8409 16.0000
91.8491 24.0000
91.8574 17.0000
91.8656 16.0000
91.8739 19.0000
91.8822 19.0000
91.8904 21.0000
91.8987 19.0000
91.9069 18.0000
91.9152 14.0000
91.9235 15.0000
91.9317 11.0000
91.9400 16.0000
91.9482 11.0000
91.9565  7.0000
91.9648 15.0000
91.9730 16.0000
91.9813  9.0000
91.9895 10.0000
91.9978  9.0000
92.0061 10.0000
92.0143 13.0000
92.0226 10.0000
92.0308  8.0000
92.0391  8.0000
92.0474  7.0000
92.0556  3.0000
92.0639  8.0000
92.0721  9.0000
92.0804  8.0000
92.0887  9.0000
92.0969  6.0000
92.1052  5.0000
92.1134  6.0000
92.1217  7.0000
92.1300  9.0000
92.1382  5.0000
92.1465  6.0000
92.1547  8.0000
92.1630  3.0000
92.1713 11.0000
92.1795  4.0000
92.1878  4.0000
92.1960  4.0000
92.2043  8.0000
92.2126  2.0000
92.2208  3.0000
92.2291  3.0000
92.2373  2.0000
92.2456  3.0000
92.2539  4.0000
92.2621  8.0000
92.2704  2.0000
92.2786  0.0000
92.2869  5.0000
92.2952  1.0000
92.3034  2.0000
92.3117  0.0000
92.3199  5.0000
92.3282  2.0000
92.3365  3.0000
92.3447  1.0000
92.3530  2.0000
92.3612  3.0000
92.3695  2.0000
92.3778  8.0000
92.3860  3.0000
92.3943  1.0000
92.4025  0.0000
92.4108  2.0000
92.4191  2.0000
92.4273  0.0000
92.4356  1.0000
92.4438  2.0000
92.4521  3.0000
92.4604  2.0000
92.4686  1.0000
92.4769  4.0000
92.4851  4.0000
92.4934  3.0000
92.5017  0.0000
92.5099  2.0000
92.5182  1.0000
92.5264  2.0000
92.5347  1.0000
92.5430  0.0000
92.5512  2.0000
92.5595  1.0000
92.5677  1.0000
92.5760  2.0000
92.5843  1.0000
92.5925  1.0000
92.6008  2.0000
92.6090  0.0000
92.6173  2.0000
92.6256  6.0000
92.6338  0.0000
92.6421  3.0000
92.6503  2.0000
92.6586  0.0000
92.6669  1.0000
92.6751  1.0000
92.6834  3.0000
92.6916  3.0000
92.6999  0.0000
92.7082  2.0000
92.7164  2.0000
92.7247  0.0000
92.7329  1.0000
92.7412  0.0000
92.7495  1.0000
92.7577  2.0000
92.7660  4.0000
92.7742  2.0000
92.7825  2.0000
92.7908  1.0000
92.7990  3.0000
92.8073  0.0000
92.8155  1.0000
92.8238  1.0000
92.8321  2.0000
92.8403  1.0000
92.8486  0.0000
92.8568  0.0000
92.8651  2.0000
92.8734  0.0000
92.8816  1.0000
92.8899  2.0000
92.8981  0.0000
92.9064  0.0000
92.9147  0.0000
92.9229  1.0000
92.9312  0.0000
92.9394  0.0000
92.9477  4.0000
92.9560  2.0000
92.9642  0.0000
92.9725  1.0000
92.9807  1.0000
92.9890  0.0000
92.9973  2.0000
93.0055  0.0000
93.0138  2.0000
93.0220  1.0000
93.0303  2.0000
93.0386  1.0000
93.0468  1.0000
93.0551  2.0000
93.0633  0.0000
93.0716  1.0000
93.0799  3.0000
93.0881  0.0000
93.0964  0.0000
93.1046  1.0000
93.1129  1.0000
93.1212  1.0000
93.1294  3.0000
93.1377  0.0000
93.1459  0.0000
93.1542  1.0000
93.1625  0.0000
93.1707  0.0000
93.1790  0.0000
93.1872  0.0000
93.1955  3.0000
93.2038  1.0000
93.2120  0.0000
93.2203  0.0000
93.2285  2.0000
93.2368  1.0000
93.2451  2.0000
93.2533  4.0000
93.2616  1.0000
93.2698  4.0000
93.2781  2.0000
93.2864  1.0000
93.2946  3.0000
93.3029  1.0000
93.3111  0.0000
93.3194  1.0000
93.3277  2.0000
93.3359  1.0000
93.3442  1.0000
93.3524  0.0000
93.3607  0.0000
93.3690  0.0000
93.3772  1.0000
93.3855  1.0000
93.3937  0.0000
93.4020  2.0000
93.4103  2.0000
93.4185  0.0000
93.4268  1.0000
93.4350  1.0000
93.4433  1.0000
93.4516  3.0000
93.4598  1.0000
93.4681  1.0000
93.4763  2.0000
93.4846  1.0000
93.4929  1.0000
93.5011  1.0000
93.5094  1.0000
93.5176  2.0000
93.5259  0.0000
93.5342  2.0000
93.5424  1.0000
93.5507  1.0000
93.5589  0.0000
93.5672  0.0000
93.5755  0.0000
93.5837  0.0000
93.5920  1.0000
