89.5363  1.0000
89.5446  0.0000
89.5528  0.0000
89.5611  0.0000
89.5694  0.0000
89.5776  0.0000
89.5859  0.0000
89.5941  0.0000
89.6024  1.0000
89.6107  0.0000
89.6189  0.0000
89.6272  0.0000
89.6354  0.0000
89.6437  0.0000
89.6520  3.0000
89.6602  1.0000
89.6685  1.0000
89.6767  1.0000
89.6850  1.0000
89.6933  0.0000
89.7015  0.0000
89.7098  0.0000
89.7180  1.0000
89.7263  0.0000
89.7346  0.0000
89.7428  1.0000
89.7511  1.0000
89.7593  0.0000
89.7676  0.0000
89.7759  2.0000
89.7841  0.0000
89.7924  0.0000
89.8006  2.0000
89.8089  1.0000
89.8172  1.0000
89.8254  0.0000
89.8337  1.0000
89.8419  0.0000
89.8502  1.0000
89.8585  0.0000
89.8667  5.0000
89.8750  2.0000
89.8832  1.0000
89.8915  0.0000
89.8998  2.0000
89.9080  1.0000
89.9163  3.0000
89.9245  1.0000
89.9328  0.0000
89.9411  1.0000
89.9493  0.0000
89.9576  2.0000
89.9658  2.0000
89.9741  1.0000
89.9824  0.0000
89.9906  0.0000
89.9989  0.0000
90.0071  1.0000
90.0154  1.0000
90.0237  1.0000
90.0319  4.0000
90.0402  0.0000
90.0484  1.0000
90.0567  2.0000
90.0650  0.0000
90.0732  1.0000
90.0815  1.0000
90.0897  1.0000
90.0980  0.0000
90.1063  1.0000
90.1145  0.0000
90.1228  0.0000
90.1310  1.0000
90.1393  1.0000
90.1476  1.0000
90.1558  3.0000
90.1641  0.0000
90.1723  0.0000
90.1806  1.0000
90.1889  0.0000
90.1971  0.0000
90.2054  1.0000
90.2136  1.0000
90.2219  1.0000
90.2302  2.0000
90.2384  2.0000
90.2467  3.0000
90.2549  0.0000
90.2632  1.0000
90.2715  1.0000
90.2797  2.0000
90.2880  1.0000
90.2962  2.0000
90.3045  1.0000
90.3128  1.0000
90.3210  1.0000
90.3293  0.0000
90.3375  1.0000
90.3458  1.0000
90.3541  1.0000
90.3623  0.0000
90.3706  0.0000
90.3788  0.0000
90.3871  1.0000
90.3954  1.0000
90.4036  0.0000
90.4119  0.0000
90.4201  2.0000
90.4284  0.0000
90.4367  1.0000
90.4449  1.0000
90.4532  1.0000
90.4614  1.0000
90.4697  0.0000
90.4780  2.0000
90.4862  1.0000
90.4945  1.0000
90.5027  2.0000
90.5110  1.0000
90.5193  3.0000
90.5275  0.0000
90.5358  1.0000
90.5440  2.0000
90.5523  1.0000
90.5606  2.0000
90.5688  1.0000
90.5771  1.0000
90.5853  0.0000
90.5936  2.0000
90.6019  1.0000
90.6101  2.0000
90.6184  1.0000
90.6266  1.0000
90.6349  0.0000
90.6432  1.0000
90.6514  2.0000
90.6597  2.0000
90.6679  4.0000
90.6762  2.0000
90.6845  2.0000
90.6927  2.0000
90.7010  1.0000
90.7092  0.0000
90.7175  2.0000
90.7258  0.0000
90.7340  3.0000
90.7423  3.0000
90.7505  0.0000
90.7588  1.0000
90.7671  3.0000
90.7753  1.0000
90.7836  1.0000
90.7918  0.0000
90.8001  4.0000
90.8084  4.0000
90.8166  2.0000
90.8249  3.0000
90.8331  1.0000
90.8414  1.0000
90.8497  2.0000
90.8579  4.0000
90.8662  0.0000
90.8744  2.0000
90.8827  4.0000
90.8910  2.0000
90.8992  1.0000
90.9075  6.0000
90.9157  4.0000
90.9240  1.0000
90.9323  1.0000
90.9405  3.0000
90.9488  2.0000
90.9570  1.0000
90.9653  3.0000
90.9736  5.0000
90.9818  2.0000
90.9901  3.0000
90.9983  6.0000
91.0066  6.0000
91.0149  1.0000
91.0231  9.0000
91.0314  5.0000
91.0396  4.0000
91.0479  8.0000
91.0562  1.0000
91.0644  1.0000
91.0727  9.0000
91.0809  9.0000
91.0892  5.0000
91.0975  6.0000
91.1057 10.0000
91.1140  4.0000
91.1222  3.0000
91.1305  7.0000
91.1388  3.0000
91.1470  9.0000
91.1553  3.0000
91.1635 10.0000
91.1718 10.0000
91.1801  8.0000
91.1883  4.0000
91.1966 11.0000
91.2048  8.0000
91.2131  9.0000
91.2214 11.0000
91.2296 14.0000
91.2379 14.0000
91.2461 15.0000
91.2544 13.0000
91.2627 15.0000
91.2709 19.0000
91.2792 17.0000
91.2874 14.0000
91.2957 15.0000
91.3040 13.0000
91.3122 15.0000
91.3205 23.0000
91.3287 22.0000
91.3370 23.0000
91.3453 19.0000
91.3535 22.0000
91.3618 27.0000
91.3700 18.0000
91.3783 30.0000
91.3866 34.0000
91.3948 32.0000
91.4031 22.0000
91.4113 25.0000
91.4196 37.0000
91.4279 34.0000
91.4361 32.0000
91.4444 33.0000
91.4526 40.0000
91.4609 37.0000
91.4692 36.0000
91.4774 36.0000
91.4857 33.0000
91.4939 32.0000
91.5022 41.0000
91.5105 37.0000
91.5187 40.0000
91.5270 33.0000
91.5352 37.0000
91.5435 45.0000
91.5518 42.0000
91.5600 45.0000
91.5683 45.0000
91.5765 37.0000
91.5848 35.0000
91.5931 32.0000
91.6013 40.0000
91.6096 30.0000
91.6178 36.0000
91.6261 35.0000
91.6344 51.0000
91.6426 30.0000
91.6509 38.0000
91.6591 47.0000
91.6674 31.0000
91.6757 55.0000
91.6839 35.0000
91.6922 25.0000
91.7004 46.0000
91.7087 35.0000
91.7170 32.0000
91.7252 30.0000
91.7335 27.0000
91.7417 40.0000
91.7500 42.0000
91.7583 39.0000
91.7665 26.0000
91.7748 28.0000
91.7830 35.0000
91.7913 36.0000
91.7996 23.0000
91.8078 26.0000
91.8161 20.0000
91.8243 22.0000
91.8326 29.0000
91.8409 31.0000
91.8491 21.0000
91.8574 22.0000
91.8656 18.0000
91.8739 24.0000
91.8822 16.0000
91.8904 17.0000
91.8987 18.0000
91.9069 15.0000
91.9152 15.0000
91.9235 18.0000
91.9317 19.0000
91.9400 17.0000
91.9482 15.0000
91.9565 25.0000
91.9648 11.0000
91.9730 16.0000
91.9813  9.0000
91.9895 13.0000
91.9978  7.0000
92.0061  7.0000
92.0143  8.0000
92.0226 10.0000
92.0308  9.0000
92.0391 15.0000
92.0474  5.0000
92.0556  6.0000
92.0639  9.0000
92.0721  7.0000
92.0804  5.0000
92.0887  4.0000
92.0969  5.0000
92.1052  5.0000
92.1134  3.0000
92.1217  7.0000
92.1300  4.0000
92.1382  2.0000
92.1465  3.0000
92.1547  4.0000
92.1630  4.0000
92.1713  3.0000
92.1795  1.0000
92.1878  8.0000
92.1960  1.0000
92.2043  5.0000
92.2126  3.0000
92.2208  0.0000
92.2291  2.0000
92.2373  3.0000
92.2456  4.0000
92.2539  3.0000
92.2621  4.0000
92.2704  3.0000
92.2786  2.0000
92.2869  1.0000
92.2952  3.0000
92.3034  2.0000
92.3117  3.0000
92.3199  2.0000
92.3282  1.0000
92.3365  4.0000
92.3447  4.0000
92.3530  4.0000
92.3612  0.0000
92.3695  0.0000
92.3778  1.0000
92.3860  0.0000
92.3943  0.0000
92.4025  2.0000
92.4108  1.0000
92.4191  4.0000
92.4273  1.0000
92.4356  2.0000
92.4438  6.0000
92.4521  0.0000
92.4604  2.0000
92.4686  2.0000
92.4769  1.0000
92.4851  1.0000
92.4934  0.0000
92.5017  2.0000
92.5099  1.0000
92.5182  3.0000
92.5264  4.0000
92.5347  0.0000
92.5430  1.0000
92.5512  3.0000
92.5595  2.0000
92.5677  2.0000
92.5760  0.0000
92.5843  0.0000
92.5925  1.0000
92.6008  1.0000
92.6090  1.0000
92.6173  2.0000
92.6256  0.0000
92.6338  1.0000
92.6421  1.0000
92.6503  1.0000
92.6586  1.0000
92.6669  1.0000
92.6751  0.0000
92.6834  1.0000
92.6916  2.0000
92.6999  1.0000
92.7082  0.0000
92.7164  1.0000
92.7247  0.0000
92.7329  1.0000
92.7412  0.0000
92.7495  2.0000
92.7577  2.0000
92.7660  0.0000
92.7742  1.0000
92.7825  0.0000
92.7908  2.0000
92.7990  0.0000
92.8073  1.0000
92.8155  1.0000
92.8238  0.0000
92.8321  0.0000
92.8403  0.0000
92.8486  2.0000
92.8568  4.0000
92.8651  3.0000
92.8734  0.0000
92.8816  2.0000
92.8899  0.0000
92.8981  0.0000
92.9064  2.0000
92.9147  0.0000
92.9229  1.0000
92.9312  1.0000
92.9394  2.0000
92.9477  1.0000
92.9560  2.0000
92.9642  3.0000
92.9725  1.0000
92.9807  1.0000
92.9890  2.0000
92.9973  0.0000
93.0055  0.0000
93.0138  0.0000
93.0220  1.0000
93.0303  0.0000
93.0386  2.0000
93.0468  1.0000
93.0551  1.0000
93.0633  0.0000
93.0716  3.0000
93.0799  0.0000
93.0881  0.0000
93.0964  1.0000
93.1046  1.0000
93.1129  1.0000
93.1212  0.0000
93.1294  1.0000
93.1377  0.0000
93.1459  0.0000
93.1542  1.0000
93.1625  0.0000
93.1707  4.0000
93.1790  1.0000
93.1872  1.0000
93.1955  1.0000
93.2038  0.0000
93.2120  0.0000
93.2203  3.0000
93.2285  2.0000
93.2368  0.0000
93.2451  0.0000
93.2533  1.0000
93.2616  0.0000
93.2698  1.0000
93.2781  2.0000
93.2864  1.0000
93.2946  0.0000
93.3029  1.0000
93.3111  0.0000
93.3194  0.0000
93.3277  0.0000
93.3359  0.0000
93.3442  1.0000
93.3524  0.0000
93.3607  1.0000
93.3690  0.0000
93.3772  0.0000
93.3855  1.0000
93.3937  0.0000
93.4020  0.0000
93.4103  1.0000
93.4185  2.0000
93.4268  1.0000
93.4350  2.0000
93.4433  1.0000
93.4516  2.0000
93.4598  1.0000
93.4681  0.0000
93.4763  0.0000
93.4846  0.0000
93.4929  0.0000
93.5011  0.0000
93.5094  1.0000
93.5176  0.0000
93.5259  1.0000
93.5342  1.0000
93.5424  2.0000
