86.5941  0.4000
86.6024  0.2000
86.6107  0.0000
86.6189  0.4000
86.6272  0.2000
86.6354  0.2000
86.6437  0.2000
86.6520  0.0000
86.6602  0.0000
86.6685  0.0000
86.6767  0.0000
86.6850  0.2000
86.6933  0.0000
86.7015  0.2000
86.7098  0.2000
86.7180  0.2000
86.7263  0.4000
86.7346  0.6000
86.7428  0.4000
86.7511  0.2000
86.7593  0.8000
86.7676  0.6000
86.7759  0.0000
86.7841  0.8000
86.7924  0.4000
86.8006  0.2000
86.8089  0.0000
86.8172  0.2000
86.8254  0.8000
86.8337  1.2000
86.8419  0.0000
86.8502  0.6000
86.8585  0.0000
86.8667  0.2000
86.8750  0.2000
86.8832  1.0000
86.8915  0.4000
86.8998  0.6000
86.9080  0.6000
86.9163  0.6000
86.9245  0.6000
86.9328  0.4000
86.9411  1.2000
86.9493  1.0000
86.9576  0.6000
86.9658  1.0000
86.9741  0.6000
86.9824  1.6000
86.9906  1.0000
86.9989  0.6000
87.0071  0.4000
87.0154  0.6000
87.0237  1.4000
87.0319  1.0000
87.0402  1.0000
87.0484  0.2000
87.0567  0.6000
87.0650  1.0000
87.0732  0.8000
87.0815  1.0000
87.0897  1.4000
87.0980  0.0000
87.1063  0.8000
87.1145  0.8000
87.1228  0.0000
87.1310  1.0000
87.1393  0.8000
87.1476  0.4000
87.1558  0.6000
87.1641  0.2000
87.1723  1.0000
87.1806  0.2000
87.1889  0.4000
87.1971  0.6000
87.2054  0.6000
87.2136  0.8000
87.2219  1.0000
87.2302  0.6000
87.2384  0.8000
87.2467  1.8000
87.2549  0.8000
87.2632  0.2000
87.2715  0.4000
87.2797  0.6000
87.2880  1.0000
87.2962  1.0000
87.3045  0.8000
87.3128  0.8000
87.3210  0.8000
87.3293  0.4000
87.3375  0.0000
87.3458  0.4000
87.3541  1.2000
87.3623  1.2000
87.3706  0.6000
87.3788  0.4000
87.3871  1.6000
87.3954  1.0000
87.4036  0.4000
87.4119  0.8000
87.4201  0.6000
87.4284  0.4000
87.4367  0.4000
87.4449  0.4000
87.4532  1.2000
87.4614  0.6000
87.4697  0.8000
87.4780  1.0000
87.4862  0.2000
87.4945  1.2000
87.5027  1.8000
87.5110  1.4000
87.5193  0.0000
87.5275  0.4000
87.5358  0.8000
87.5440  1.0000
87.5523  0.2000
87.5606  0.6000
87.5688  0.2000
87.5771  0.6000
87.5853  0.2000
87.5936  0.8000
87.6019  1.0000
87.6101  0.2000
87.6184  1.2000
87.6266  1.4000
87.6349  1.0000
87.6432  1.0000
87.6514  0.2000
87.6597  0.8000
87.6679  0.6000
87.6762  0.8000
87.6845  0.2000
87.6927  1.0000
87.7010  0.4000
87.7092  1.2000
87.7175  0.8000
87.7258  0.8000
87.7340  0.8000
87.7423  1.2000
87.7505  0.2000
87.7588  1.4000
87.7671  0.6000
87.7753  2.2000
87.7836  0.4000
87.7918  1.2000
87.8001  0.6000
87.8084  0.2000
87.8166  1.0000
87.8249  0.8000
87.8331  1.6000
87.8414  0.4000
87.8497  1.2000
87.8579  1.4000
87.8662  1.0000
87.8744  0.4000
87.8827  0.4000
87.8910  1.4000
87.8992  1.4000
87.9075  0.4000
87.9157  1.6000
87.9240  1.4000
87.9323  1.2000
87.9405  0.8000
87.9488  1.0000
87.9570  0.8000
87.9653  1.4000
87.9736  1.0000
87.9818  0.6000
87.9901  1.0000
87.9983  0.6000
88.0066  1.6000
88.0149  1.2000
88.0231  1.0000
88.0314  2.0000
88.0396  1.0000
88.0479  1.4000
88.0562  1.4000
88.0644  0.8000
88.0727  0.4000
88.0809  1.6000
88.0892  0.8000
88.0975  1.4000
88.1057  0.8000
88.1140  0.6000
88.1222  1.4000
88.1305  0.8000
88.1388  1.0000
88.1470  0.6000
88.1553  1.8000
88.1635  1.4000
88.1718  0.8000
88.1801  1.4000
88.1883  1.2000
88.1966  0.6000
88.2048  0.8000
88.2131  1.4000
88.2214  1.2000
88.2296  1.2000
88.2379  0.8000
88.2461  1.0000
88.2544  0.6000
88.2627  1.2000
88.2709  1.0000
88.2792  1.4000
88.2874  1.2000
88.2957  1.0000
88.3040  1.8000
88.3122  1.2000
88.3205  1.4000
88.3287  1.8000
88.3370  1.4000
88.3453  1.2000
88.3535  1.8000
88.3618  1.4000
88.3700  1.6000
88.3783  1.8000
88.3866  1.6000
88.3948  2.2000
88.4031  1.2000
88.4113  2.0000
88.4196  2.2000
88.4279  4.4000
88.4361  2.6000
88.4444  2.6000
88.4526  1.6000
88.4609  2.6000
88.4692  1.6000
88.4774  1.6000
88.4857  2.2000
88.4939  1.8000
88.5022  1.8000
88.5105  2.2000
88.5187  2.2000
88.5270  2.8000
88.5352  3.0000
88.5435  1.8000
88.5518  2.8000
88.5600  2.8000
88.5683  4.0000
88.5765  3.6000
88.5848  3.4000
88.5931  4.8000
88.6013  4.4000
88.6096  2.6000
88.6178  3.8000
88.6261  2.2000
88.6344  3.2000
88.6426  3.0000
88.6509  3.4000
88.6591  3.0000
88.6674  3.6000
88.6757  2.8000
88.6839  1.4000
88.6922  2.2000
88.7004  3.4000
88.7087  3.6000
88.7170  2.0000
88.7252  2.8000
88.7335  4.6000
88.7417  3.4000
88.7500  4.0000
88.7583  3.4000
88.7665  2.8000
88.7748  5.0000
88.7830  3.6000
88.7913  2.8000
88.7996  5.2000
88.8078  3.6000
88.8161  3.0000
88.8243  3.4000
88.8326  1.4000
88.8409  3.4000
88.8491  3.4000
88.8574  3.6000
88.8656  1.8000
88.8739  4.2000
88.8822  4.2000
88.8904  2.4000
88.8987  4.4000
88.9069  3.4000
88.9152  3.2000
88.9235  2.8000
88.9317  3.0000
88.9400  2.4000
88.9482  2.6000
88.9565  4.0000
88.9648  1.0000
88.9730  2.4000
88.9813  2.8000
88.9895  1.8000
88.9978  2.4000
89.0061  3.6000
89.0143  2.0000
89.0226  2.2000
89.0308  2.0000
89.0391  2.8000
89.0474  1.4000
89.0556  3.6000
89.0639  2.0000
89.0721  1.0000
89.0804  2.4000
89.0887  3.0000
89.0969  1.6000
89.1052  2.8000
89.1134  3.0000
89.1217  3.2000
89.1300  1.2000
89.1382  2.2000
89.1465  1.2000
89.1547  2.6000
89.1630  1.6000
89.1713  1.0000
89.1795  1.4000
89.1878  1.8000
89.1960  1.4000
89.2043  1.8000
89.2126  1.6000
89.2208  1.2000
89.2291  1.0000
89.2373  2.0000
89.2456  1.4000
89.2539  1.8000
89.2621  1.0000
89.2704  0.8000
89.2786  1.0000
89.2869  1.0000
89.2952  1.0000
89.3034  0.8000
89.3117  1.2000
89.3199  1.0000
89.3282  1.0000
89.3365  2.0000
89.3447  0.6000
89.3530  2.2000
89.3612  1.0000
89.3695  1.8000
89.3778  1.8000
89.3860  1.2000
89.3943  1.2000
89.4025  0.6000
89.4108  1.2000
89.4191  1.4000
89.4273  1.0000
89.4356  1.6000
89.4438  0.4000
89.4521  1.8000
89.4604  0.4000
89.4686  0.8000
89.4769  1.0000
89.4851  0.8000
89.4934  0.8000
89.5017  0.6000
89.5099  1.4000
89.5182  1.0000
89.5264  1.2000
89.5347  2.2000
89.5430  0.2000
89.5512  0.6000
89.5595  0.6000
89.5677  0.6000
89.5760  1.2000
89.5843  0.8000
89.5925  0.6000
89.6008  1.4000
89.6090  1.0000
89.6173  0.8000
89.6256  1.0000
89.6338  1.6000
89.6421  1.0000
89.6503  1.0000
89.6586  1.2000
89.6669  0.4000
89.6751  1.2000
89.6834  0.6000
89.6916  0.8000
89.6999  1.4000
89.7082  0.8000
89.7164  0.8000
89.7247  0.8000
89.7329  1.0000
89.7412  0.4000
89.7495  1.0000
89.7577  0.6000
89.7660  0.4000
89.7742  0.8000
89.7825  1.0000
89.7908  0.8000
89.7990  1.4000
89.8073  1.2000
89.8155  0.6000
89.8238  0.8000
89.8321  0.6000
89.8403  1.0000
89.8486  1.2000
89.8568  0.6000
89.8651  0.4000
89.8734  2.2000
89.8816  1.2000
89.8899  0.8000
89.8981  0.6000
89.9064  1.0000
89.9147  1.6000
89.9229  1.0000
89.9312  1.6000
89.9394  1.4000
89.9477  0.8000
89.9560  1.2000
89.9642  0.4000
89.9725  0.6000
89.9807  0.6000
89.9890  1.0000
89.9973  0.2000
90.0055  0.4000
90.0138  0.8000
90.0220  1.2000
90.0303  1.2000
90.0386  1.2000
90.0468  0.8000
90.0551  0.4000
90.0633  1.2000
90.0716  1.4000
90.0799  0.8000
90.0881  0.8000
90.0964  1.2000
90.1046  0.8000
90.1129  1.6000
90.1212  0.8000
90.1294  0.8000
90.1377  0.4000
90.1459  0.6000
90.1542  0.8000
90.1625  1.2000
90.1707  1.2000
90.1790  0.8000
90.1872  0.8000
90.1955  1.2000
90.2038  0.8000
90.2120  1.0000
90.2203  0.4000
90.2285  0.8000
90.2368  0.8000
90.2451  0.6000
90.2533  0.4000
90.2616  0.6000
90.2698  1.0000
90.2781  1.0000
90.2864  0.2000
90.2946  1.2000
90.3029  1.0000
90.3111  1.0000
90.3194  0.4000
90.3277  0.2000
90.3359  0.8000
90.3442  0.4000
90.3524  1.2000
90.3607  0.8000
90.3690  0.2000
90.3772  1.6000
90.3855  1.4000
90.3937  1.2000
90.4020  0.4000
90.4103  1.8000
90.4185  1.6000
90.4268  1.4000
90.4350  0.6000
90.4433  0.2000
90.4516  0.6000
90.4598  1.4000
90.4681  0.8000
90.4763  0.8000
90.4846  0.6000
90.4929  0.2000
90.5011  0.8000
90.5094  0.6000
90.5176  1.6000
90.5259  1.0000
90.5342  0.8000
90.5424  0.4000
90.5507  0.6000
90.5589  0.6000
90.5672  0.0000
90.5755  0.4000
90.5837  0.8000
90.5920  0.0000
90.6002  0.4000
90.6085  0.4000
90.6168  0.8000
90.6250  0.4000
90.6333  0.0000
90.6415  0.4000
90.6498  0.4000
90.6581  0.0000
90.6663  0.2000
90.6746  0.4000
90.6828  0.4000
