74.7528  1.0000
74.7611  0.0000
74.7694  0.0000
74.7776  0.0000
74.7859  0.0000
74.7941  0.0000
74.8024  0.0000
74.8107  0.0000
74.8189  1.0000
74.8272  0.0000
74.8354  0.0000
74.8437  1.0000
74.8520  0.0000
74.8602  0.0000
74.8685  0.0000
74.8767  0.0000
74.8850  0.0000
74.8933  1.0000
74.9015  0.0000
74.9098  0.0000
74.9180  0.0000
74.9263  0.0000
74.9346  1.0000
74.9428  0.0000
74.9511  0.0000
74.9593  0.0000
74.9676  1.0000
74.9759  1.0000
74.9841  1.0000
74.9924  1.0000
75.0006  0.0000
75.0089  0.0000
75.0172  0.0000
75.0254  0.0000
75.0337  1.0000
75.0419  1.0000
75.0502  0.0000
75.0585  0.0000
75.0667  0.0000
75.0750  1.0000
75.0832  0.0000
75.0915  2.0000
75.0998  0.0000
75.1080  1.0000
75.1163  1.0000
75.1245  2.0000
75.1328  0.0000
75.1411  1.0000
75.1493  1.0000
75.1576  0.0000
75.1658  0.0000
75.1741  1.0000
75.1824  0.0000
75.1906  1.0000
75.1989  0.0000
75.2071  1.0000
75.2154  1.0000
75.2237  0.0000
75.2319  2.0000
75.2402  1.0000
75.2484  0.0000
75.2567  1.0000
75.2650  2.0000
75.2732  0.0000
75.2815  1.0000
75.2897  1.0000
75.2980  0.0000
75.3063  0.0000
75.3145  2.0000
75.3228  0.0000
75.3310  1.0000
75.3393  0.0000
75.3476  0.0000
75.3558  0.0000
75.3641  1.0000
75.3723  1.0000
75.3806  1.0000
75.3889  0.0000
75.3971  0.0000
75.4054  0.0000
75.4136  1.0000
75.4219  0.0000
75.4302  2.0000
75.4384  1.0000
75.4467  0.0000
75.4549  0.0000
75.4632  1.0000
75.4715  0.0000
75.4797  0.0000
75.4880  0.0000
75.4962  1.0000
75.5045  1.0000
75.5128  1.0000
75.5210  0.0000
75.5293  0.0000
75.5375  2.0000
75.5458  0.0000
75.5541  1.0000
75.5623  3.0000
75.5706  0.0000
75.5788  0.0000
75.5871  0.0000
75.5954  0.0000
75.6036  0.0000
75.6119  3.0000
75.6201  1.0000
75.6284  0.0000
75.6367  0.0000
75.6449  1.0000
75.6532  0.0000
75.6614  0.0000
75.6697  1.0000
75.6780  1.0000
75.6862  2.0000
75.6945  2.0000
75.7027  0.0000
75.7110  2.0000
75.7193  2.0000
75.7275  0.0000
75.7358  1.0000
75.7440  0.0000
75.7523  0.0000
75.7606  2.0000
75.7688  0.0000
75.7771  1.0000
75.7853  0.0000
75.7936  1.0000
75.8019  1.0000
75.8101  1.0000
75.8184  1.0000
75.8266  1.0000
75.8349  4.0000
75.8432  0.0000
75.8514  3.0000
75.8597  1.0000
75.8679  0.0000
75.8762  0.0000
75.8845  3.0000
75.8927  0.0000
75.9010  0.0000
75.9092  1.0000
75.9175  0.0000
75.9258  0.0000
75.9340  0.0000
75.9423  1.0000
75.9505  0.0000
75.9588  2.0000
75.9671  2.0000
75.9753  2.0000
75.9836  0.0000
75.9918  1.0000
76.0001  1.0000
76.0084  1.0000
76.0166  1.0000
76.0249  1.0000
76.0331  1.0000
76.0414  2.0000
76.0497  2.0000
76.0579  0.0000
76.0662  1.0000
76.0744  2.0000
76.0827  0.0000
76.0910  1.0000
76.0992  2.0000
76.1075  2.0000
76.1157  1.0000
76.1240  0.0000
76.1323  2.0000
76.1405  2.0000
76.1488  2.0000
76.1570  0.0000
76.1653  0.0000
76.1736  2.0000
76.1818  1.0000
76.1901  3.0000
76.1983  2.0000
76.2066  0.0000
76.2149  0.0000
76.2231  3.0000
76.2314  6.0000
76.2396  1.0000
76.2479  2.0000
76.2562  3.0000
76.2644  6.0000
76.2727  2.0000
76.2809  0.0000
76.2892  4.0000
76.2975  4.0000
76.3057  4.0000
76.3140  8.0000
76.3222  6.0000
76.3305  2.0000
76.3388  4.0000
76.3470  6.0000
76.3553  5.0000
76.3635  7.0000
76.3718  7.0000
76.3801 10.0000
76.3883 11.0000
76.3966  5.0000
76.4048  7.0000
76.4131  7.0000
76.4214 10.0000
76.4296  6.0000
76.4379  9.0000
76.4461  9.0000
76.4544  7.0000
76.4627  8.0000
76.4709 10.0000
76.4792  6.0000
76.4874 10.0000
76.4957 10.0000
76.5040 12.0000
76.5122 14.0000
76.5205 13.0000
76.5287 10.0000
76.5370  7.0000
76.5453 10.0000
76.5535 18.0000
76.5618 23.0000
76.5700 21.0000
76.5783 19.0000
76.5866 22.0000
76.5948 21.0000
76.6031 20.0000
76.6113 27.0000
76.6196 23.0000
76.6279 24.0000
76.6361 17.0000
76.6444 18.0000
76.6526 20.0000
76.6609 23.0000
76.6692 20.0000
76.6774 25.0000
76.6857 22.0000
76.6939 21.0000
76.7022 28.0000
76.7105 24.0000
76.7187 23.0000
76.7270 24.0000
76.7352 24.0000
76.7435 24.0000
76.7518 15.0000
76.7600 16.0000
76.7683 21.0000
76.7765 23.0000
76.7848 22.0000
76.7931 24.0000
76.8013 21.0000
76.8096 10.0000
76.8178 15.0000
76.8261 16.0000
76.8344 19.0000
76.8426 11.0000
76.8509 17.0000
76.8591 15.0000
76.8674 11.0000
76.8757 12.0000
76.8839  5.0000
76.8922  7.0000
76.9004 10.0000
76.9087 11.0000
76.9170  8.0000
76.9252 12.0000
76.9335  5.0000
76.9417  4.0000
76.9500  6.0000
76.9583  4.0000
76.9665  4.0000
76.9748  4.0000
76.9830  2.0000
76.9913  3.0000
76.9996  5.0000
77.0078  2.0000
77.0161  3.0000
77.0243  2.0000
77.0326  0.0000
77.0409  1.0000
77.0491  0.0000
77.0574  3.0000
77.0656  5.0000
77.0739  2.0000
77.0822  0.0000
77.0904  3.0000
77.0987  5.0000
77.1069  5.0000
77.1152  4.0000
77.1235  1.0000
77.1317  1.0000
77.1400  0.0000
77.1482  1.0000
77.1565  0.0000
77.1648  1.0000
77.1730  0.0000
77.1813  2.0000
77.1895  0.0000
77.1978  2.0000
77.2061  2.0000
77.2143  1.0000
77.2226  1.0000
77.2308  1.0000
77.2391  1.0000
77.2474  2.0000
77.2556  1.0000
77.2639  1.0000
77.2721  0.0000
77.2804  1.0000
77.2887  1.0000
77.2969  1.0000
77.3052  0.0000
77.3134  1.0000
77.3217  1.0000
77.3300  3.0000
77.3382  0.0000
77.3465  0.0000
77.3547  2.0000
77.3630  1.0000
77.3713  1.0000
77.3795  0.0000
77.3878  0.0000
77.3960  0.0000
77.4043  0.0000
77.4126  1.0000
77.4208  0.0000
77.4291  3.0000
77.4373  1.0000
77.4456  2.0000
77.4539  1.0000
77.4621  3.0000
77.4704  0.0000
77.4786  2.0000
77.4869  2.0000
77.4952  1.0000
77.5034  0.0000
77.5117  2.0000
77.5199  1.0000
77.5282  0.0000
77.5365  0.0000
77.5447  1.0000
77.5530  0.0000
77.5612  1.0000
77.5695  0.0000
77.5778  0.0000
77.5860  1.0000
77.5943  0.0000
77.6025  0.0000
77.6108  1.0000
77.6191  1.0000
77.6273  0.0000
77.6356  1.0000
77.6438  0.0000
77.6521  0.0000
77.6604  0.0000
77.6686  1.0000
77.6769  0.0000
77.6851  2.0000
77.6934  2.0000
77.7017  1.0000
77.7099  1.0000
77.7182  0.0000
77.7264  1.0000
77.7347  1.0000
77.7430  0.0000
77.7512  0.0000
77.7595  0.0000
77.7677  0.0000
77.7760  0.0000
77.7843  0.0000
77.7925  0.0000
77.8008  0.0000
77.8090  0.0000
77.8173  0.0000
77.8256  0.0000
77.8338  0.0000
77.8421  0.0000
77.8503  0.0000
77.8586  0.0000
77.8669  0.0000
77.8751  0.0000
77.8834  0.0000
77.8916  1.0000
77.8999  1.0000
77.9082  0.0000
77.9164  1.0000
77.9247  0.0000
77.9329  0.0000
77.9412  2.0000
77.9495  1.0000
77.9577  0.0000
77.9660  0.0000
77.9742  0.0000
77.9825  1.0000
77.9908  0.0000
77.9990  1.0000
78.0073  1.0000
78.0155  1.0000
78.0238  0.0000
78.0321  0.0000
78.0403  2.0000
78.0486  0.0000
78.0568  1.0000
78.0651  2.0000
78.0734  0.0000
78.0816  2.0000
78.0899  1.0000
78.0981  1.0000
78.1064  1.0000
78.1147  1.0000
78.1229  0.0000
78.1312  1.0000
78.1394  2.0000
78.1477  0.0000
78.1560  1.0000
78.1642  0.0000
78.1725  0.0000
78.1807  1.0000
78.1890  1.0000
78.1973  1.0000
78.2055  1.0000
78.2138  0.0000
78.2220  1.0000
78.2303  0.0000
78.2386  1.0000
78.2468  0.0000
78.2551  0.0000
78.2633  2.0000
78.2716  0.0000
78.2799  0.0000
78.2881  0.0000
78.2964  1.0000
78.3046  0.0000
78.3129  0.0000
78.3212  0.0000
78.3294  0.0000
78.3377  0.0000
78.3459  0.0000
78.3542  0.0000
78.3625  0.0000
78.3707  0.0000
78.3790  2.0000
78.3872  0.0000
78.3955  1.0000
78.4038  0.0000
78.4120  0.0000
78.4203  0.0000
78.4285  0.0000
78.4368  0.0000
78.4451  1.0000
78.4533  0.0000
78.4616  0.0000
78.4698  0.0000
78.4781  0.0000
78.4864  0.0000
78.4946  0.0000
78.5029  0.0000
78.5111  0.0000
78.5194  1.0000
78.5277  0.0000
78.5359  1.0000
78.5442  1.0000
78.5524  0.0000
78.5607  0.0000
78.5690  1.0000
78.5772  2.0000
78.5855  0.0000
78.5937  0.0000
78.6020  0.0000
78.6103  0.0000
78.6185  0.0000
78.6268  0.0000
78.6350  0.0000
78.6433  0.0000
78.6516  1.0000
78.6598  0.0000
78.6681  0.0000
78.6763  0.0000
78.6846  0.0000
78.6929  1.0000
78.7011  0.0000
78.7094  0.0000
78.7176  0.0000
78.7259  0.0000
78.7342  0.0000
78.7424  0.0000
78.7507  1.0000
78.7589  0.0000
78.7672  0.0000
78.7755  0.0000
78.7837  0.0000
78.7920  0.0000
78.8002  0.0000
78.8085  0.0000
78.8168  0.0000
78.8250  0.0000
78.8333  0.0000
78.8415  0.0000
78.8498  0.0000
78.8581  0.0000
78.8663  1.0000
