         0
         0
         0
         0
         0
         0
         0
         0
         0
         0
         0
         0
         0
         0
         0
         0
         0
         0
         0
         0
         0
         0
         0
         0
         0
         0
         0
         0
         0
         0
         0
         0
         0
         0
         0
         0
         0
         0
         0
         0
         0
         0
         0
         0
         0
         0
         0
         0
         0
         0
         0
         0
         0
         0
         0
         0
         0
         0
         0
         0
         0
         0
         0
         0
         0
         0
         0
         0
         0
         0
         0
         0
         0
         0
         0
         0
         0
         0
         0
         0
         0
         0
         0
         0
         0
         0
         0
         0
         0
         0
         0
         0
         0
         0
         0
         0
         0
         0
         0
         0
         0
         0
         0
         0
         0
         0
         0
         0
         0
         0
         0
         0
         0
         0
         0
         0
         0
         0
         0
         0
         0
         0
         0
         0
         0
         0
         0
         0
         0
         0
         0
         0
         0
         0
         0
         0
         0
         0
         0
         0
         0
         0
         0
         0
         0
         0
         0
         0
         0
         0
         0
         0
         0
         0
         0
         0
         0
         0
         1
         0
         0
         0
         0
         0
         0
         0
         0
         0
         1
         1
         1
         0
         0
         1
         3
         1
         1
         0
         3
         3
         4
         0
         0
         3
         0
         5
         0
         1
         1
         0
         2
         2
         3
         2
         3
         1
         1
         4
         6
         2
         3
         4
         1
         2
         3
         2
         5
         1
         3
         0
         1
         4
         1
         3
         3
         5
         2
         4
         0
         4
         4
         4
         3
         3
         3
        10
         4
         3
         0
         2
         1
         2
         2
         3
         5
         5
         1
         4
         1
         1
         2
         6
         1
         2
         1
         3
         3
         3
         3
         4
         4
         5
         3
         4
         2
         3
         7
         0
         3
         3
         1
         3
         4
         5
         7
         4
         1
         4
         0
         1
         1
         3
         2
         3
         4
         2
         5
         3
         6
         2
         5
         1
         4
         2
         5
         4
         3
         2
         4
         2
         1
         3
         1
         2
         0
         4
         3
         6
         2
         2
         2
         4
         2
         7
         1
         4
         1
         4
         1
         5
         1
         2
         4
         4
         5
         0
         4
         4
         2
         2
         3
         3
         6
         3
        11
         5
         3
         2
         7
         6
         1
         3
         6
         1
         2
         5
         1
         6
         6
         5
         4
         6
         2
         9
         6
         3
         1
         4
         5
         6
         1
         2
         5
         3
         9
         4
         2
         2
         7
         6
         3
         3
         8
         2
         5
         4
         7
         2
         3
         6
         5
         5
         7
         2
         7
         6
         6
         2
         7
         6
         6
         4
         9
         3
        10
         7
         9
         9
         8
        12
        19
        12
         7
        13
        13
        10
        17
        22
        14
        21
        22
        25
        22
        20
        16
        17
        27
        23
        16
        21
        16
        23
        27
        24
        22
        25
        24
        36
        27
        31
        39
        40
        39
        41
        33
        36
        41
        30
        40
        27
        35
        31
        37
        37
        34
        42
        39
        51
        42
        43
        49
        33
        34
        36
        37
        35
        32
        34
        42
        27
        30
        28
        45
        29
        28
        29
        30
        23
        25
        30
        15
        23
        25
        22
        22
        14
        24
        13
        24
        11
        20
         8
        21
        21
        12
         9
        10
        11
        13
        10
        15
         9
        10
        14
         7
         8
         8
         8
        14
         4
         7
        10
         2
        11
         7
         7
         4
         4
         4
         5
         2
         1
         4
         4
         2
         1
         6
         4
         4
         3
         6
         6
         5
         5
         3
         5
         5
         4
         3
         5
         4
         5
         2
         3
         2
         3
         2
         7
         2
         6
         4
         3
         3
         3
         2
         6
         3
         4
         3
         4
         3
         1
         4
         3
         6
         3
         5
         3
         5
         4
         2
         5
         1
         6
         3
         2
         3
         2
         3
         1
         6
         1
         2
         1
         4
         4
         3
         6
         1
         2
         2
         3
         2
         3
         3
         6
         1
         1
         4
         2
         1
         2
         1
         3
         3
         4
         3
         2
         3
         5
         2
         4
         2
         5
         1
         4
         5
         2
         1
         4
         2
         1
         4
         4
         4
         2
         2
         3
         3
         0
         6
         3
         1
         4
         6
         3
         1
         3
         1
         0
         4
         2
         2
         3
         4
         4
         3
         3
         2
         3
         4
         3
         2
         2
         1
         0
         3
         1
         1
         3
         2
         4
         3
         2
         4
         1
         1
         0
         1
         1
         0
         1
         0
         0
         1
         3
         4
         1
         2
         0
         0
         1
         0
         0
         0
         0
         0
         0
         0
         0
         0
         0
         0
         1
         0
         0
         0
         0
         0
         0
         0
         0
         0
         0
         0
         0
         0
         0
         0
         0
         0
         0
         0
         0
         0
         0
         0
         0
         0
         0
         0
         0
         0
         0
         0
         0
         0
         0
         0
         0
         0
         0
         0
         0
         0
         0
         0
         0
         0
         0
         0
         0
         0
         0
         0
         0
         0
         0
         0
         0
         0
         0
         0
         0
         0
         0
         0
         0
         0
         0
         0
         0
         0
         0
         0
         0
         0
         0
         0
         0
         0
         0
         0
         0
         0
         0
         0
         0
         0
         0
         0
         0
         0
         0
         0
         0
         0
         0
         0
         0
         0
         0
         0
         0
         0
         0
         0
         0
         0
         0
         0
         0
         0
         0
         0
         0
         0
         0
         0
         0
         0
         0
         0
         0
         0
         0
         0
         0
         0
         0
         0
         0
         0
         0
         0
         0
         0
         0
         0
         0
         0
         0
         0
         0
         0
         0
         0
         0
         0
         0
         0
         0
         0
         0
         0
         0
         0
         0
         0
         0
         0
         0
         0
         0
         0
         0
         0
         0
         0
         0
         0
         0
         0
         0
         0
         0
         0
         0
         0
         0
         0
         0
         0
         0
         0
         0
         0
         0
         0
         0
         0
         0
         0
         0
         0
         0
         0
         0
         0
         0
         0
         0
         0
         0
         0
         0
         0
         0
         0
         0
         0
         0
         0
         0
         0
         0
         0
         0
         0
         0
         0
         0
         0
         0
         0
         0
         0
         0
         0
         0
         0
         0
         0
         0
         0
         0
         0
         0
         0
         0
         0
         0
         0
         0
         0
         0
         0
         0
         0
         0
         0
         0
         0
         0
         0
         0
         0
         0
         0
         0
         0
         0
         0
         0
         0
         0
         0
         0
         0
         0
         0
         0
         0
         0
         0
         0
         0
         0
         0
         0
         0
         0
         0
         0
         0
         0
         0
         0
         0
         0
         0
         0
         0
         0
         0
         0
         0
         0
         0
         0
         0
         0
         0
         0
         0
         0
         0
         0
         0
         0
         0
         0
         0
         0
         0
         0
         0
         0
         0
         0
         0
         0
         0
         0
         0
         0
         0
         0
         0
         0
         0
         0
         0
         0
         0
         0
         0
         0
         0
         0
         0
         0
         0
         0
         0
         0
         0
         0
         0
         0
         0
         0
         0
         0
