         0
         0
         0
         0
         0
         0
         0
         0
         0
         0
         0
         0
         0
         0
         0
         0
         0
         0
         0
         0
         0
         0
         0
         0
         0
         0
         0
         0
         0
         0
         0
         0
         0
         0
         0
         0
         0
         0
         0
         0
         0
         0
         0
         0
         0
         0
         0
         0
         0
         0
         0
         0
         0
         0
         0
         0
         0
         0
         0
         0
         0
         0
         0
         0
         0
         0
         0
         0
         0
         0
         0
         0
         0
         0
         0
         0
         0
         0
         0
         0
         0
         0
         0
         0
         0
         0
         0
         0
         0
         0
         0
         0
         0
         0
         0
         0
         0
         0
         0
         0
         0
         0
         0
         0
         0
         0
         0
         0
         0
         0
         0
         0
         0
         0
         0
         0
         0
         0
         0
         0
         0
         0
         0
         0
         0
         0
         0
         0
         0
         0
         0
         0
         0
         0
         0
         0
         0
         0
         0
         0
         0
         0
         0
         0
         0
         0
         0
         0
         0
         0
         0
         0
         0
         0
         0
         0
         0
         0
         0
         0
         0
         0
         0
         0
         1
         2
         0
         0
         0
         0
         1
         0
         2
         1
         2
         2
         2
         0
         3
         1
         1
         4
         3
         1
         2
         0
         2
         1
         0
         2
         2
         2
         2
         6
         1
         7
         4
         4
         2
         2
         6
         3
         2
         2
         5
         6
         6
         6
         4
         6
         6
         0
         2
         3
         4
         4
         2
         6
         3
         4
         6
         3
         4
         4
         2
         2
         1
         5
         2
         0
         1
         2
         5
         2
         7
         3
         5
         6
         3
         4
         1
         0
         3
         4
         2
         2
         2
         2
         2
         4
         3
         2
         1
         4
         6
         3
         4
         0
         2
         5
         1
         2
         2
         4
         5
         3
         2
         2
         2
         4
         3
         3
         3
         3
         2
         4
         3
         1
         3
         2
         4
         4
         4
         2
         5
         5
         2
         4
         4
         2
         1
         3
         3
         5
         2
         3
         1
         1
         5
         3
         2
         3
         2
         1
         5
         1
         4
         3
         3
         5
         2
         5
         3
         5
         2
         6
         2
         6
         0
         3
         2
         7
         3
         3
         1
         8
         4
         4
         2
         6
         4
         3
         5
         3
         5
         5
         7
         1
         2
         1
         3
         6
         0
         3
         5
         3
         5
         8
         9
         3
         6
         4
         3
         5
         4
         6
         2
         4
         1
         3
         6
         5
         3
         0
         4
         5
         7
         8
         3
         5
         2
         8
         3
         4
         4
         7
         2
         6
         3
         8
         6
         5
         6
        10
         8
         5
         4
         8
         5
        11
         8
         9
         5
        12
        10
         7
         9
         6
         8
         8
         9
        10
        12
        17
         6
        10
         6
        14
         9
        12
        16
        14
        23
         9
        19
        18
        26
        15
        26
        17
        18
        27
        25
        25
        23
        24
        22
        30
        25
        28
        34
        23
        23
        26
        37
        32
        27
        34
        31
        40
        41
        31
        47
        44
        30
        37
        38
        37
        36
        47
        35
        48
        35
        30
        39
        26
        40
        27
        29
        32
        32
        29
        36
        35
        39
        36
        25
        34
        37
        25
        23
        27
        25
        19
        21
        24
        24
        20
        15
        20
        21
        16
        21
        23
        14
        17
        11
         9
        12
        12
        10
         9
        13
         8
        11
         8
         6
         9
         6
         5
        14
         6
         7
        12
         2
        12
         6
         8
         4
         5
         6
         7
         5
         3
         5
         3
         3
         4
         7
         7
         3
         3
         7
         5
         4
         2
         6
         3
         3
         8
         1
         1
         6
         6
         3
         3
         2
         5
         6
         6
         1
         6
         8
         6
         1
         9
         3
         3
         3
         3
         3
         5
         4
         4
         3
         4
         3
         1
         3
         2
         2
         5
         4
         4
         1
         7
         6
         4
         5
         3
         3
         4
         4
         8
         2
         3
         6
         8
         3
         3
         1
         3
         2
         2
         6
         2
         4
         1
         2
         1
         2
         7
         4
         4
         1
         2
         2
         1
         3
         6
         3
         5
         4
         3
         2
         2
         1
         4
         5
         2
         2
         4
         0
         1
         0
         3
         1
         1
         3
         2
         2
         1
         3
         0
         3
         2
         3
         1
         3
         4
         3
         1
         3
         2
         2
         2
         1
         0
         1
         4
         1
         3
         2
         1
         2
         3
         4
         1
         2
         2
         2
         1
         4
         2
         2
         0
         1
         1
         0
         0
         1
         0
         0
         1
         0
         0
         1
         0
         0
         0
         0
         0
         0
         0
         0
         0
         0
         0
         0
         0
         0
         0
         0
         0
         0
         0
         0
         0
         0
         0
         0
         0
         0
         0
         0
         0
         0
         0
         0
         0
         0
         0
         0
         0
         0
         0
         0
         0
         0
         0
         0
         0
         0
         0
         0
         0
         0
         0
         0
         0
         0
         0
         0
         0
         0
         0
         0
         0
         0
         0
         0
         0
         0
         0
         0
         0
         0
         0
         0
         0
         0
         0
         0
         0
         0
         0
         0
         0
         0
         0
         0
         0
         0
         0
         0
         0
         0
         0
         0
         0
         0
         0
         0
         0
         0
         0
         0
         0
         0
         0
         0
         0
         0
         0
         0
         0
         0
         0
         0
         0
         0
         0
         0
         0
         0
         0
         0
         0
         0
         0
         0
         0
         0
         0
         0
         0
         0
         0
         0
         0
         0
         0
         0
         0
         0
         0
         0
         0
         0
         0
         0
         0
         0
         0
         0
         0
         0
         0
         0
         0
         0
         0
         0
         0
         0
         0
         0
         0
         0
         0
         0
         0
         0
         0
         0
         0
         0
         0
         0
         0
         0
         0
         0
         0
         0
         0
         0
         0
         0
         0
         0
         0
         0
         0
         0
         0
         0
         0
         0
         0
         0
         0
         0
         0
         0
         0
         0
         0
         0
         0
         0
         0
         0
         0
         0
         0
         0
         0
         0
         0
         0
         0
         0
         0
         0
         0
         0
         0
         0
         0
         0
         0
         0
         0
         0
         0
         0
         0
         0
         0
         0
         0
         0
         0
         0
         0
         0
         0
         0
         0
         0
         0
         0
         0
         0
         0
         0
         0
         0
         0
         0
         0
         0
         0
         0
         0
         0
         0
         0
         0
         0
         0
         0
         0
         0
         0
         0
         0
         0
         0
         0
         0
         0
         0
         0
         0
         0
         0
         0
         0
         0
         0
         0
         0
         0
         0
         0
         0
         0
         0
         0
         0
         0
         0
         0
         0
         0
         0
         0
         0
         0
         0
         0
         0
         0
         0
         0
         0
         0
         0
         0
         0
         0
         0
         0
         0
         0
         0
         0
         0
         0
         0
         0
         0
         0
         0
         0
         0
         0
         0
         0
         0
         0
         0
         0
         0
         0
         0
         0
         0
         0
         0
         0
         0
         0
         0
         0
         0
         0
         0
         0
         0
         0
         0
