         0
         0
         0
         0
         0
         0
         0
         0
         0
         0
         0
         0
         0
         0
         0
         0
         0
         0
         0
         0
         0
         0
         0
         0
         0
         0
         0
         0
         0
         0
         0
         0
         0
         0
         0
         0
         0
         0
         0
         0
         0
         0
         0
         0
         0
         0
         0
         0
         0
         0
         0
         0
         0
         0
         0
         0
         0
         0
         0
         0
         0
         0
         0
         0
         0
         0
         0
         0
         0
         0
         0
         0
         0
         0
         0
         0
         0
         0
         0
         0
         0
         0
         0
         0
         0
         0
         0
         0
         0
         0
         0
         0
         0
         0
         0
         0
         0
         0
         0
         0
         0
         0
         0
         0
         0
         0
         0
         0
         0
         0
         0
         0
         0
         0
         0
         0
         0
         0
         0
         0
         0
         0
         0
         0
         0
         0
         0
         0
         0
         0
         0
         0
         0
         0
         0
         0
         0
         0
         0
         0
         0
         0
         0
         0
         0
         0
         0
         0
         0
         0
         0
         0
         0
         0
         0
         0
         0
         0
         0
         0
         1
         0
         1
         1
         0
         0
         0
         0
         1
         0
         0
         0
         2
         3
         0
         1
         1
         1
         2
         2
         6
         1
         5
         2
         3
         2
         2
         1
         5
         1
         3
         4
         4
         3
         5
         4
         2
         2
         0
         3
         6
         2
         6
         3
         1
         2
         1
         1
         7
         1
         3
         3
         4
         4
         2
         5
         2
         3
         3
         6
         7
         2
         2
         1
         1
         2
         0
         1
         3
         3
         5
         5
         2
         2
         6
         4
         1
         4
         4
         4
         2
         4
         7
         6
         1
         3
         7
         2
         3
         2
         5
         4
         2
         2
         5
         3
         4
         2
         5
         7
         3
         4
         4
         3
         4
         1
         3
         2
         1
         3
         2
         1
         3
         2
         3
         1
         1
         5
         3
         3
         5
         6
         2
         2
         9
         3
         6
         3
         3
         5
         5
         6
         3
         2
         1
         2
         4
         9
         3
         6
         4
         3
         3
         4
         1
         4
         4
         3
         5
         2
         5
         3
         2
         3
         6
         6
         5
         6
         7
         3
         2
         2
         3
         7
         3
         6
         4
         1
         3
         6
         4
         0
         3
         6
         8
         3
         2
         1
         2
         1
         3
         3
         6
         5
         3
         6
         6
         3
         6
         2
         9
         3
         2
         4
         4
         5
         3
         4
         3
         6
         2
        11
         3
         1
         4
         6
         2
         7
         3
         1
         7
         5
         3
         4
         6
         6
         7
         5
         7
         7
         6
         6
         4
         5
         3
         9
         6
         8
        10
         8
         8
         7
         9
        12
        13
        12
         5
        16
         8
         7
         6
        11
        15
         7
        11
        12
        12
        20
         5
        15
        13
        10
        15
        12
        17
        12
        16
         8
        16
        17
        16
        15
        22
        21
        27
        30
        22
        27
        37
        35
        18
        27
        19
        21
        23
        33
        17
        35
        22
        27
        27
        37
        31
        25
        36
        27
        22
        27
        38
        34
        33
        26
        30
        26
        37
        29
        28
        37
        29
        30
        42
        16
        29
        30
        28
        24
        20
        35
        34
        32
        23
        31
        23
        29
        23
        27
        33
        22
        19
        20
        22
        21
        23
        15
        17
        24
        20
        14
        15
        20
        11
        17
        18
        16
        15
        15
        21
         9
        14
         8
        13
        13
        13
         7
         8
        11
         7
        13
        11
         9
         6
        10
         9
        11
         0
         7
         4
         9
         6
         7
         5
         6
         4
         4
         3
         5
         5
         9
         7
         3
         6
         7
         2
         7
         6
         3
         3
         3
         6
         1
         3
         5
         4
         4
         1
         2
         3
         1
         1
         6
         2
         3
         4
         1
         4
         3
         2
         5
         3
         5
         4
         2
         2
         6
         2
         3
         0
         5
         3
         3
         4
         4
         3
         1
         3
         3
         4
         3
         4
         4
         0
         3
         5
         3
         3
         3
         6
         2
         5
         2
         3
         2
         1
         5
         4
         0
         1
         2
         4
         6
         1
         2
         3
         1
         3
         3
         3
         2
         6
         1
         6
         2
         4
         1
         2
         3
         2
         1
         4
         2
         4
         4
         2
         3
         5
         1
         3
         6
         3
         1
         1
         1
         5
         2
         5
         2
         3
         4
         2
         1
         3
         0
         0
         0
         3
         2
         3
         4
         1
         1
         1
         1
         1
         1
         1
         0
         0
         1
         2
         1
         0
         0
         0
         0
         1
         0
         0
         0
         0
         0
         0
         0
         0
         0
         0
         0
         0
         0
         0
         0
         0
         0
         0
         0
         0
         0
         0
         0
         0
         0
         0
         0
         0
         0
         0
         0
         0
         0
         0
         0
         0
         0
         0
         0
         0
         0
         0
         0
         0
         0
         0
         0
         0
         0
         0
         0
         0
         0
         0
         0
         0
         0
         0
         0
         0
         0
         0
         0
         0
         0
         0
         0
         0
         0
         0
         0
         0
         0
         0
         0
         0
         0
         0
         0
         0
         0
         0
         0
         0
         0
         0
         0
         0
         0
         0
         0
         0
         0
         0
         0
         0
         0
         0
         0
         0
         0
         0
         0
         0
         0
         0
         0
         0
         0
         0
         0
         0
         0
         0
         0
         0
         0
         0
         0
         0
         0
         0
         0
         0
         0
         0
         0
         0
         0
         0
         0
         0
         0
         0
         0
         0
         0
         0
         0
         0
         0
         0
         0
         0
         0
         0
         0
         0
         0
         0
         0
         0
         0
         0
         0
         0
         0
         0
         0
         0
         0
         0
         0
         0
         0
         0
         0
         0
         0
         0
         0
         0
         0
         0
         0
         0
         0
         0
         0
         0
         0
         0
         0
         0
         0
         0
         0
         0
         0
         0
         0
         0
         0
         0
         0
         0
         0
         0
         0
         0
         0
         0
         0
         0
         0
         0
         0
         0
         0
         0
         0
         0
         0
         0
         0
         0
         0
         0
         0
         0
         0
         0
         0
         0
         0
         0
         0
         0
         0
         0
         0
         0
         0
         0
         0
         0
         0
         0
         0
         0
         0
         0
         0
         0
         0
         0
         0
         0
         0
         0
         0
         0
         0
         0
         0
         0
         0
         0
         0
         0
         0
         0
         0
         0
         0
         0
         0
         0
         0
         0
         0
         0
         0
         0
         0
         0
         0
         0
         0
         0
         0
         0
         0
         0
         0
         0
         0
         0
         0
         0
         0
         0
         0
         0
         0
         0
         0
         0
         0
         0
         0
         0
         0
         0
         0
         0
         0
         0
         0
         0
         0
         0
         0
         0
         0
         0
         0
         0
         0
         0
         0
         0
         0
         0
         0
         0
         0
         0
         0
         0
         0
         0
         0
         0
         0
         0
         0
         0
         0
         0
         0
         0
         0
         0
         0
         0
         0
         0
         0
         0
         0
         0
         0
         0
         0
         0
         0
         0
         0
