         0
         0
         0
         0
         0
         0
         0
         0
         0
         0
         0
         0
         0
         0
         0
         0
         0
         0
         0
         0
         0
         0
         0
         0
         0
         0
         0
         0
         0
         0
         0
         0
         0
         0
         0
         0
         0
         0
         0
         0
         0
         0
         0
         0
         0
         0
         0
         0
         0
         0
         0
         0
         0
         0
         0
         0
         0
         0
         0
         0
         0
         0
         0
         0
         0
         0
         0
         0
         0
         0
         0
         0
         0
         0
         0
         0
         0
         0
         0
         0
         0
         0
         0
         0
         0
         0
         0
         0
         0
         0
         0
         0
         0
         0
         0
         0
         0
         0
         0
         0
         0
         0
         0
         0
         0
         0
         0
         0
         0
         0
         0
         0
         0
         0
         0
         0
         0
         0
         0
         0
         0
         0
         0
         0
         0
         0
         0
         0
         0
         0
         0
         0
         0
         0
         0
         0
         0
         0
         0
         0
         0
         0
         0
         0
         0
         0
         0
         0
         0
         0
         0
         0
         0
         0
         0
         0
         0
         0
         0
         0
         0
         0
         0
         0
         0
         0
         0
         1
         0
         0
         0
         3
         0
         1
         2
         1
         1
         0
         6
         0
         3
         0
         2
         4
         2
         1
         4
         1
         3
         1
         2
         3
         3
         5
         6
         1
         7
         5
         3
         2
         2
         3
         4
         0
         0
         1
         2
         5
         4
         2
         1
         6
         3
         5
         0
         5
         2
         5
         3
         3
         1
         2
         4
         2
         2
         3
         5
         7
         4
         4
         3
         2
         4
         3
         2
         5
         4
         2
         1
         3
         3
         3
         0
         2
         5
         3
         5
         2
         3
         3
         2
         3
         4
         2
         5
         1
         4
         9
         4
         4
         0
         4
         1
         1
         6
         2
         5
         7
         4
         4
         3
         2
         2
         3
         4
         3
         4
         5
         4
         3
         6
         5
         1
         4
         1
         7
         3
         3
         3
         3
         4
         3
         7
         1
         2
         3
         4
         2
         2
         1
        12
         1
         5
         5
         2
         9
         6
         3
         2
         3
         3
         3
         7
         5
        10
         3
         5
         6
         2
         7
         4
         8
         3
         5
         3
         6
         2
         2
         3
         2
         8
         4
         3
         4
         4
         7
         5
         3
         6
         5
         0
         4
         8
         7
         4
         1
         4
         7
         3
         4
         5
         4
         7
         5
         3
         6
         3
         5
         9
         6
         6
        11
         6
         3
         7
         9
         6
         3
         3
         7
         4
         6
        13
         4
        10
         4
         4
         6
         8
        11
         9
         7
         5
         7
        14
         9
        11
        15
         5
        12
         7
        10
        13
        10
         7
         6
         6
         9
        16
        13
        10
        14
        12
        11
        12
        15
         9
        11
        12
        10
        16
        15
         4
        17
        11
        16
        17
        17
        13
        12
        22
        21
        20
        28
        17
        14
        20
        26
        18
        18
        22
        18
        17
        21
        19
        24
        23
        28
        22
        18
        23
        12
        23
        24
        23
        21
        25
        20
        21
        24
        22
        22
        29
        19
        30
        21
        22
        22
        21
        31
        19
        26
        26
        28
        23
        29
        22
        29
        27
        21
        25
        20
        25
        15
        27
        27
        25
        27
        22
        18
        20
        20
        25
        17
        31
        25
        19
        15
        20
        13
        17
        24
        16
        12
        13
        10
        29
        12
        14
        14
         9
         8
        13
         8
        11
        12
         8
        14
        10
        10
        11
         8
        10
        12
         9
        15
         6
         9
        11
         7
         8
         3
         8
         6
         7
         8
         8
        11
         8
         4
         4
         9
         5
         9
         4
         8
         4
         4
         6
         3
         5
         7
         5
         4
         3
         6
         4
         5
         5
         3
         6
         8
         5
         4
         4
         9
         5
         0
         3
         7
         4
         1
         7
         8
         2
         3
         7
         2
         2
         6
         3
         4
         5
         4
         6
         2
         8
         2
         2
         5
         1
         4
         4
         5
         5
         5
         5
         3
         0
         3
         3
         1
         4
         2
         3
         2
         3
         3
         2
         4
         4
         3
         4
         0
        10
         1
         3
         2
         7
         5
         5
         3
         4
         2
         0
         1
         2
         2
         3
         1
         2
         3
         1
         3
         4
         1
         5
         1
         1
         6
         2
         3
         0
         2
         4
         4
         2
         2
         1
         0
         1
         2
         2
         2
         4
         0
         2
         2
         5
         0
         4
         1
         4
         1
         1
         0
         0
         1
         1
         2
         2
         2
         0
         3
         0
         0
         0
         0
         0
         0
         0
         0
         0
         0
         0
         0
         0
         0
         0
         0
         0
         0
         0
         0
         0
         0
         0
         0
         0
         0
         0
         0
         0
         0
         0
         0
         0
         0
         0
         0
         0
         0
         0
         0
         0
         0
         0
         0
         0
         0
         0
         0
         0
         0
         0
         0
         0
         0
         0
         0
         0
         0
         0
         0
         0
         0
         0
         0
         0
         0
         0
         0
         0
         0
         0
         0
         0
         0
         0
         0
         0
         0
         0
         0
         0
         0
         0
         0
         0
         0
         0
         0
         0
         0
         0
         0
         0
         0
         0
         0
         0
         0
         0
         0
         0
         0
         0
         0
         0
         0
         0
         0
         0
         0
         0
         0
         0
         0
         0
         0
         0
         0
         0
         0
         0
         0
         0
         0
         0
         0
         0
         0
         0
         0
         0
         0
         0
         0
         0
         0
         0
         0
         0
         0
         0
         0
         0
         0
         0
         0
         0
         0
         0
         0
         0
         0
         0
         0
         0
         0
         0
         0
         0
         0
         0
         0
         0
         0
         0
         0
         0
         0
         0
         0
         0
         0
         0
         0
         0
         0
         0
         0
         0
         0
         0
         0
         0
         0
         0
         0
         0
         0
         0
         0
         0
         0
         0
         0
         0
         0
         0
         0
         0
         0
         0
         0
         0
         0
         0
         0
         0
         0
         0
         0
         0
         0
         0
         0
         0
         0
         0
         0
         0
         0
         0
         0
         0
         0
         0
         0
         0
         0
         0
         0
         0
         0
         0
         0
         0
         0
         0
         0
         0
         0
         0
         0
         0
         0
         0
         0
         0
         0
         0
         0
         0
         0
         0
         0
         0
         0
         0
         0
         0
         0
         0
         0
         0
         0
         0
         0
         0
         0
         0
         0
         0
         0
         0
         0
         0
         0
         0
         0
         0
         0
         0
         0
         0
         0
         0
         0
         0
         0
         0
         0
         0
         0
         0
         0
         0
         0
         0
         0
         0
         0
         0
         0
         0
         0
         0
         0
         0
         0
         0
         0
         0
         0
         0
         0
         0
         0
         0
         0
         0
         0
         0
         0
         0
         0
         0
         0
         0
         0
         0
         0
         0
         0
         0
         0
         0
         0
         0
         0
         0
         0
         0
         0
         0
         0
         0
         0
         0
         0
         0
         0
         0
         0
         0
         0
         0
         0
         0
         0
         0
         0
