         0
         0
         0
         0
         0
         0
         0
         0
         0
         0
         0
         0
         0
         0
         0
         0
         0
         0
         0
         0
         0
         0
         0
         0
         0
         0
         0
         0
         0
         0
         0
         0
         0
         0
         0
         0
         0
         0
         0
         0
         0
         0
         0
         0
         0
         0
         0
         0
         0
         0
         0
         0
         0
         0
         0
         0
         0
         0
         0
         0
         0
         0
         0
         0
         0
         0
         0
         0
         0
         0
         0
         0
         0
         0
         0
         0
         0
         0
         0
         0
         0
         0
         0
         0
         0
         0
         0
         0
         0
         0
         0
         0
         0
         0
         0
         0
         0
         0
         0
         0
         0
         0
         0
         0
         0
         0
         0
         0
         0
         0
         0
         0
         0
         0
         0
         0
         0
         0
         0
         0
         0
         0
         0
         0
         0
         0
         0
         0
         0
         0
         0
         0
         0
         0
         0
         0
         0
         0
         0
         0
         0
         0
         0
         0
         0
         0
         0
         0
         0
         0
         0
         0
         0
         0
         0
         0
         0
         0
         0
         0
         0
         0
         0
         0
         0
         0
         0
         0
         1
         0
         1
         0
         2
         0
         0
         2
         3
         2
         0
         0
         2
         1
         0
         0
         0
         3
         1
         1
         2
         1
         1
         1
         1
         2
         3
         4
         3
         2
         1
         3
         2
         0
         3
         2
         5
         4
         0
         3
         3
         1
         1
         2
         3
         0
         2
         4
         2
         1
         2
         5
         2
         6
         2
         3
         5
         5
         4
         3
         4
         3
         5
         1
         4
         2
         4
         5
         4
         3
         1
         1
         4
         6
         4
         5
         3
         3
         4
         1
         4
         3
         2
         3
         4
         1
         1
         4
         3
         4
         3
         3
         6
         0
         3
         3
         4
         5
         4
         5
         2
         4
         1
         6
         6
         4
         7
         3
         2
         3
         5
         6
         7
         3
         2
         5
         4
         4
         0
         2
         2
         3
         2
         5
         4
         6
         0
         7
         3
         5
         5
         2
         6
         5
         6
         2
         5
         1
         0
         4
         1
         4
         4
         3
         3
         4
         2
         6
         7
        10
         4
         4
         2
         4
         6
         1
         3
        10
         9
         3
         4
         8
         3
         7
        10
         3
         5
        10
         3
         5
        12
         8
         3
         6
         5
         6
         3
         5
         7
         7
         4
         5
         2
         2
         5
         6
         6
         3
         9
         4
        10
         9
         5
         6
        10
         6
         8
        10
         5
         6
         4
         5
         8
        13
         8
         7
         5
        11
        10
         8
         7
         6
         4
        10
         6
         6
        15
         8
        15
         8
         4
         7
         6
        12
         7
         4
        12
         9
        11
        12
         9
        10
         8
        14
        11
        12
         8
        16
        11
        13
        12
        13
        11
         9
        12
        14
         9
        12
        13
        15
        13
        11
        11
        17
        12
        12
        18
        14
        22
        17
        16
        18
        13
        18
        15
        16
        17
        17
        23
        25
        20
        22
        25
        15
        16
        18
        17
        20
        13
        30
        15
        23
        18
        16
        20
        15
        19
        21
        16
        20
        18
        13
        21
         9
        28
        17
        20
        23
        15
        20
        17
        14
        16
        10
        16
        15
        16
        18
         7
        11
        16
        11
        11
        12
        16
        12
        12
         9
        22
        12
        12
        16
        16
        10
        17
         8
        10
         9
         6
        11
        14
        10
         7
        11
        13
        10
        10
         7
        12
         5
         6
        12
        11
         4
         8
        14
         6
         5
         5
         4
        10
         6
         4
         5
         1
         7
         9
         6
         6
         8
         2
         9
         2
         6
         5
         6
         5
         5
         5
         7
         8
         8
         3
         7
         7
         3
         7
         7
         4
         5
         4
         4
         6
         8
         4
         6
         3
         6
         5
         5
         1
         7
         7
         6
         7
         4
         4
         3
         5
         8
         6
         2
         2
         0
         8
         1
         3
         5
         3
         4
         3
         2
         3
         2
         3
         4
         1
         6
         3
         1
         0
         1
         3
         1
         1
         4
         2
         2
         5
         5
         2
         5
         3
         4
         2
         5
         4
         2
         1
         6
         4
         3
         3
         2
         5
         2
         3
         2
         0
         3
         4
         2
         7
         2
         3
         1
         1
         2
         1
         0
         3
         4
         4
         1
         3
         3
         2
         2
         3
         6
         2
         0
         3
         0
         7
         2
         4
         2
         4
         1
         2
         3
         0
         1
         2
         0
         2
         2
         1
         1
         0
         0
         1
         0
         0
         0
         1
         1
         0
         0
         0
         0
         0
         0
         0
         0
         0
         0
         0
         0
         0
         0
         0
         0
         0
         0
         0
         0
         0
         0
         0
         0
         0
         0
         0
         0
         0
         0
         0
         0
         0
         0
         0
         0
         0
         0
         0
         0
         0
         0
         0
         0
         0
         0
         0
         0
         0
         0
         0
         0
         0
         0
         0
         0
         0
         0
         0
         0
         0
         0
         0
         0
         0
         0
         0
         0
         0
         0
         0
         0
         0
         0
         0
         0
         0
         0
         0
         0
         0
         0
         0
         0
         0
         0
         0
         0
         0
         0
         0
         0
         0
         0
         0
         0
         0
         0
         0
         0
         0
         0
         0
         0
         0
         0
         0
         0
         0
         0
         0
         0
         0
         0
         0
         0
         0
         0
         0
         0
         0
         0
         0
         0
         0
         0
         0
         0
         0
         0
         0
         0
         0
         0
         0
         0
         0
         0
         0
         0
         0
         0
         0
         0
         0
         0
         0
         0
         0
         0
         0
         0
         0
         0
         0
         0
         0
         0
         0
         0
         0
         0
         0
         0
         0
         0
         0
         0
         0
         0
         0
         0
         0
         0
         0
         0
         0
         0
         0
         0
         0
         0
         0
         0
         0
         0
         0
         0
         0
         0
         0
         0
         0
         0
         0
         0
         0
         0
         0
         0
         0
         0
         0
         0
         0
         0
         0
         0
         0
         0
         0
         0
         0
         0
         0
         0
         0
         0
         0
         0
         0
         0
         0
         0
         0
         0
         0
         0
         0
         0
         0
         0
         0
         0
         0
         0
         0
         0
         0
         0
         0
         0
         0
         0
         0
         0
         0
         0
         0
         0
         0
         0
         0
         0
         0
         0
         0
         0
         0
         0
         0
         0
         0
         0
         0
         0
         0
         0
         0
         0
         0
         0
         0
         0
         0
         0
         0
         0
         0
         0
         0
         0
         0
         0
         0
         0
         0
         0
         0
         0
         0
         0
         0
         0
         0
         0
         0
         0
         0
         0
         0
         0
         0
         0
         0
         0
         0
         0
         0
         0
         0
         0
         0
         0
         0
         0
         0
         0
         0
         0
         0
         0
         0
         0
         0
         0
         0
         0
         0
         0
         0
         0
         0
         0
         0
         0
         0
         0
         0
         0
         0
         0
         0
         0
         0
         0
         0
         0
         0
         0
         0
         0
         0
         0
         0
         0
         0
         0
