74.8024  1.0000
74.8107  0.0000
74.8189  0.0000
74.8272  0.0000
74.8354  0.0000
74.8437  0.0000
74.8520  0.0000
74.8602  0.0000
74.8685  1.0000
74.8767  0.0000
74.8850  1.0000
74.8933  0.0000
74.9015  1.0000
74.9098  1.0000
74.9180  0.0000
74.9263  0.0000
74.9346  1.0000
74.9428  2.0000
74.9511  1.0000
74.9593  0.0000
74.9676  0.0000
74.9759  0.0000
74.9841  0.0000
74.9924  1.0000
75.0006  0.0000
75.0089  0.0000
75.0172  0.0000
75.0254  0.0000
75.0337  0.0000
75.0419  0.0000
75.0502  1.0000
75.0585  0.0000
75.0667  0.0000
75.0750  0.0000
75.0832  1.0000
75.0915  0.0000
75.0998  1.0000
75.1080  1.0000
75.1163  1.0000
75.1245  0.0000
75.1328  1.0000
75.1411  1.0000
75.1493  0.0000
75.1576  1.0000
75.1658  2.0000
75.1741  0.0000
75.1824  1.0000
75.1906  1.0000
75.1989  0.0000
75.2071  2.0000
75.2154  2.0000
75.2237  0.0000
75.2319  0.0000
75.2402  0.0000
75.2484  0.0000
75.2567  0.0000
75.2650  0.0000
75.2732  1.0000
75.2815  0.0000
75.2897  1.0000
75.2980  0.0000
75.3063  0.0000
75.3145  0.0000
75.3228  0.0000
75.3310  0.0000
75.3393  0.0000
75.3476  0.0000
75.3558  1.0000
75.3641  1.0000
75.3723  0.0000
75.3806  1.0000
75.3889  0.0000
75.3971  0.0000
75.4054  0.0000
75.4136  0.0000
75.4219  0.0000
75.4302  0.0000
75.4384  0.0000
75.4467  0.0000
75.4549  0.0000
75.4632  0.0000
75.4715  1.0000
75.4797  2.0000
75.4880  0.0000
75.4962  0.0000
75.5045  1.0000
75.5128  2.0000
75.5210  0.0000
75.5293  0.0000
75.5375  1.0000
75.5458  1.0000
75.5541  2.0000
75.5623  0.0000
75.5706  1.0000
75.5788  0.0000
75.5871  0.0000
75.5954  0.0000
75.6036  1.0000
75.6119  0.0000
75.6201  0.0000
75.6284  1.0000
75.6367  1.0000
75.6449  1.0000
75.6532  0.0000
75.6614  0.0000
75.6697  0.0000
75.6780  1.0000
75.6862  3.0000
75.6945  2.0000
75.7027  0.0000
75.7110  1.0000
75.7193  1.0000
75.7275  0.0000
75.7358  1.0000
75.7440  2.0000
75.7523  2.0000
75.7606  1.0000
75.7688  0.0000
75.7771  1.0000
75.7853  2.0000
75.7936  0.0000
75.8019  0.0000
75.8101  1.0000
75.8184  1.0000
75.8266  0.0000
75.8349  0.0000
75.8432  1.0000
75.8514  0.0000
75.8597  1.0000
75.8679  0.0000
75.8762  1.0000
75.8845  4.0000
75.8927  0.0000
75.9010  0.0000
75.9092  0.0000
75.9175  1.0000
75.9258  1.0000
75.9340  1.0000
75.9423  1.0000
75.9505  2.0000
75.9588  2.0000
75.9671  0.0000
75.9753  1.0000
75.9836  1.0000
75.9918  0.0000
76.0001  1.0000
76.0084  1.0000
76.0166  1.0000
76.0249  2.0000
76.0331  1.0000
76.0414  0.0000
76.0497  2.0000
76.0579  0.0000
76.0662  2.0000
76.0744  2.0000
76.0827  2.0000
76.0910  0.0000
76.0992  1.0000
76.1075  1.0000
76.1157  3.0000
76.1240  2.0000
76.1323  2.0000
76.1405  2.0000
76.1488  2.0000
76.1570  2.0000
76.1653  2.0000
76.1736  0.0000
76.1818  3.0000
76.1901  1.0000
76.1983  2.0000
76.2066  1.0000
76.2149  2.0000
76.2231  1.0000
76.2314  6.0000
76.2396  4.0000
76.2479  2.0000
76.2562  6.0000
76.2644  1.0000
76.2727  2.0000
76.2809  2.0000
76.2892  2.0000
76.2975  3.0000
76.3057  4.0000
76.3140  6.0000
76.3222  7.0000
76.3305  5.0000
76.3388  3.0000
76.3470  5.0000
76.3553  8.0000
76.3635 11.0000
76.3718  6.0000
76.3801  2.0000
76.3883  6.0000
76.3966  3.0000
76.4048  4.0000
76.4131  4.0000
76.4214  4.0000
76.4296  5.0000
76.4379  7.0000
76.4461  8.0000
76.4544 14.0000
76.4627  8.0000
76.4709 10.0000
76.4792 15.0000
76.4874 11.0000
76.4957 15.0000
76.5040 10.0000
76.5122 16.0000
76.5205 10.0000
76.5287 12.0000
76.5370 19.0000
76.5453 11.0000
76.5535 12.0000
76.5618 13.0000
76.5700 17.0000
76.5783 20.0000
76.5866 21.0000
76.5948 16.0000
76.6031 21.0000
76.6113 13.0000
76.6196 17.0000
76.6279 21.0000
76.6361 31.0000
76.6444 25.0000
76.6526 19.0000
76.6609 17.0000
76.6692 22.0000
76.6774 13.0000
76.6857 21.0000
76.6939 21.0000
76.7022 12.0000
76.7105 18.0000
76.7187 24.0000
76.7270 21.0000
76.7352 19.0000
76.7435 25.0000
76.7518 23.0000
76.7600 14.0000
76.7683 19.0000
76.7765 12.0000
76.7848 12.0000
76.7931 15.0000
76.8013 11.0000
76.8096 12.0000
76.8178  8.0000
76.8261 10.0000
76.8344 10.0000
76.8426 14.0000
76.8509 12.0000
76.8591 16.0000
76.8674 10.0000
76.8757 11.0000
76.8839  6.0000
76.8922  8.0000
76.9004 10.0000
76.9087 11.0000
76.9170  4.0000
76.9252  6.0000
76.9335  4.0000
76.9417  7.0000
76.9500  5.0000
76.9583  7.0000
76.9665  0.0000
76.9748  3.0000
76.9830  6.0000
76.9913  5.0000
76.9996  1.0000
77.0078  1.0000
77.0161  3.0000
77.0243  2.0000
77.0326  4.0000
77.0409  4.0000
77.0491  3.0000
77.0574  5.0000
77.0656  2.0000
77.0739  2.0000
77.0822  1.0000
77.0904  4.0000
77.0987  2.0000
77.1069  4.0000
77.1152  0.0000
77.1235  1.0000
77.1317  3.0000
77.1400  3.0000
77.1482  0.0000
77.1565  0.0000
77.1648  2.0000
77.1730  1.0000
77.1813  2.0000
77.1895  1.0000
77.1978  0.0000
77.2061  0.0000
77.2143  0.0000
77.2226  1.0000
77.2308  2.0000
77.2391  2.0000
77.2474  1.0000
77.2556  2.0000
77.2639  2.0000
77.2721  1.0000
77.2804  0.0000
77.2887  1.0000
77.2969  0.0000
77.3052  0.0000
77.3134  2.0000
77.3217  2.0000
77.3300  1.0000
77.3382  1.0000
77.3465  2.0000
77.3547  1.0000
77.3630  1.0000
77.3713  1.0000
77.3795  1.0000
77.3878  1.0000
77.3960  4.0000
77.4043  0.0000
77.4126  1.0000
77.4208  1.0000
77.4291  1.0000
77.4373  0.0000
77.4456  1.0000
77.4539  0.0000
77.4621  1.0000
77.4704  0.0000
77.4786  0.0000
77.4869  1.0000
77.4952  2.0000
77.5034  1.0000
77.5117  0.0000
77.5199  0.0000
77.5282  1.0000
77.5365  1.0000
77.5447  1.0000
77.5530  1.0000
77.5612  1.0000
77.5695  0.0000
77.5778  0.0000
77.5860  1.0000
77.5943  1.0000
77.6025  0.0000
77.6108  0.0000
77.6191  0.0000
77.6273  2.0000
77.6356  1.0000
77.6438  2.0000
77.6521  0.0000
77.6604  1.0000
77.6686  0.0000
77.6769  0.0000
77.6851  2.0000
77.6934  0.0000
77.7017  0.0000
77.7099  0.0000
77.7182  1.0000
77.7264  1.0000
77.7347  0.0000
77.7430  1.0000
77.7512  1.0000
77.7595  1.0000
77.7677  1.0000
77.7760  0.0000
77.7843  1.0000
77.7925  0.0000
77.8008  0.0000
77.8090  0.0000
77.8173  1.0000
77.8256  0.0000
77.8338  1.0000
77.8421  2.0000
77.8503  1.0000
77.8586  1.0000
77.8669  0.0000
77.8751  0.0000
77.8834  0.0000
77.8916  1.0000
77.8999  1.0000
77.9082  0.0000
77.9164  0.0000
77.9247  2.0000
77.9329  2.0000
77.9412  1.0000
77.9495  0.0000
77.9577  0.0000
77.9660  0.0000
77.9742  0.0000
77.9825  0.0000
77.9908  0.0000
77.9990  1.0000
78.0073  2.0000
78.0155  2.0000
78.0238  0.0000
78.0321  0.0000
78.0403  1.0000
78.0486  0.0000
78.0568  0.0000
78.0651  1.0000
78.0734  0.0000
78.0816  1.0000
78.0899  0.0000
78.0981  1.0000
78.1064  0.0000
78.1147  2.0000
78.1229  0.0000
78.1312  0.0000
78.1394  1.0000
78.1477  0.0000
78.1560  0.0000
78.1642  1.0000
78.1725  0.0000
78.1807  0.0000
78.1890  1.0000
78.1973  3.0000
78.2055  1.0000
78.2138  0.0000
78.2220  2.0000
78.2303  0.0000
78.2386  0.0000
78.2468  0.0000
78.2551  1.0000
78.2633  1.0000
78.2716  0.0000
78.2799  1.0000
78.2881  1.0000
78.2964  1.0000
78.3046  1.0000
78.3129  0.0000
78.3212  0.0000
78.3294  1.0000
78.3377  2.0000
78.3459  0.0000
78.3542  0.0000
78.3625  0.0000
78.3707  0.0000
78.3790  4.0000
78.3872  1.0000
78.3955  1.0000
78.4038  2.0000
78.4120  0.0000
78.4203  1.0000
78.4285  2.0000
78.4368  0.0000
78.4451  0.0000
78.4533  0.0000
78.4616  0.0000
78.4698  1.0000
78.4781  2.0000
78.4864  0.0000
78.4946  0.0000
78.5029  1.0000
78.5111  1.0000
78.5194  0.0000
78.5277  0.0000
78.5359  2.0000
78.5442  0.0000
78.5524  0.0000
78.5607  1.0000
78.5690  1.0000
78.5772  1.0000
78.5855  1.0000
78.5937  0.0000
78.6020  1.0000
78.6103  0.0000
78.6185  1.0000
78.6268  0.0000
78.6350  0.0000
78.6433  0.0000
78.6516  0.0000
78.6598  1.0000
78.6681  0.0000
78.6763  0.0000
78.6846  0.0000
78.6929  0.0000
78.7011  0.0000
78.7094  0.0000
78.7176  0.0000
78.7259  1.0000
78.7342  0.0000
78.7424  0.0000
78.7507  0.0000
78.7589  2.0000
78.7672  0.0000
78.7755  0.0000
78.7837  1.0000
78.7920  0.0000
78.8002  0.0000
78.8085  0.0000
78.8168  1.0000
