39.1115  0.3333
39.1198  0.0000
39.1281  0.0000
39.1363  0.0000
39.1446  0.0000
39.1528  0.0000
39.1611  0.0000
39.1694  0.0000
39.1776  0.0000
39.1859  0.3333
39.1941  0.0000
39.2024  0.3333
39.2107  0.0000
39.2189  0.0000
39.2272  0.3333
39.2354  0.3333
39.2437  0.0000
39.2520  0.3333
39.2602  0.0000
39.2685  0.0000
39.2767  0.0000
39.2850  0.0000
39.2933  0.3333
39.3015  0.6667
39.3098  0.3333
39.3180  0.0000
39.3263  0.6667
39.3346  0.3333
39.3428  0.6667
39.3511  0.0000
39.3593  0.0000
39.3676  0.3333
39.3759  0.6667
39.3841  0.6667
39.3924  0.6667
39.4006  0.6667
39.4089  0.6667
39.4172  0.0000
39.4254  0.6667
39.4337  0.0000
39.4419  0.3333
39.4502  0.3333
39.4585  0.3333
39.4667  0.6667
39.4750  0.0000
39.4832  0.3333
39.4915  0.6667
39.4998  0.3333
39.5080  0.0000
39.5163  0.0000
39.5245  0.6667
39.5328  0.0000
39.5411  0.3333
39.5493  0.3333
39.5576  1.0000
39.5658  0.0000
39.5741  0.3333
39.5824  0.3333
39.5906  0.0000
39.5989  0.3333
39.6071  0.0000
39.6154  0.3333
39.6237  0.0000
39.6319  0.3333
39.6402  0.6667
39.6484  0.0000
39.6567  0.0000
39.6650  0.3333
39.6732  0.3333
39.6815  0.6667
39.6897  0.6667
39.6980  0.0000
39.7063  0.0000
39.7145  1.0000
39.7228  0.3333
39.7310  0.0000
39.7393  0.6667
39.7476  1.6667
39.7558  0.6667
39.7641  0.3333
39.7723  0.3333
39.7806  0.0000
39.7889  0.0000
39.7971  1.6667
39.8054  1.0000
39.8136  0.3333
39.8219  0.0000
39.8302  0.3333
39.8384  0.0000
39.8467  1.0000
39.8549  0.0000
39.8632  1.6667
39.8715  1.0000
39.8797  0.0000
39.8880  0.6667
39.8962  0.3333
39.9045  0.3333
39.9128  0.3333
39.9210  0.3333
39.9293  0.3333
39.9375  0.6667
39.9458  0.0000
39.9541  0.0000
39.9623  0.3333
39.9706  1.3333
39.9788  0.6667
39.9871  0.3333
39.9954  1.0000
40.0036  0.6667
40.0119  1.0000
40.0201  0.3333
40.0284  1.6667
40.0367  2.0000
40.0449  0.6667
40.0532  0.3333
40.0614  0.6667
40.0697  0.0000
40.0780  0.0000
40.0862  2.0000
40.0945  0.6667
40.1027  0.3333
40.1110  1.3333
40.1193  0.3333
40.1275  0.3333
40.1358  0.3333
40.1440  0.3333
40.1523  0.3333
40.1606  1.3333
40.1688  1.0000
40.1771  0.6667
40.1853  0.6667
40.1936  0.6667
40.2019  1.6667
40.2101  1.0000
40.2184  1.0000
40.2266  0.3333
40.2349  0.3333
40.2432  1.0000
40.2514  0.0000
40.2597  1.0000
40.2679  1.0000
40.2762  0.3333
40.2845  1.3333
40.2927  1.0000
40.3010  0.3333
40.3092  1.3333
40.3175  1.0000
40.3258  0.6667
40.3340  1.0000
40.3423  1.6667
40.3505  0.6667
40.3588  1.0000
40.3671  1.3333
40.3753  1.0000
40.3836  0.3333
40.3918  1.0000
40.4001  0.6667
40.4084  0.3333
40.4166  0.0000
40.4249  0.6667
40.4331  0.3333
40.4414  1.6667
40.4497  1.6667
40.4579  0.0000
40.4662  0.3333
40.4744  1.0000
40.4827  1.3333
40.4910  1.0000
40.4992  1.0000
40.5075  1.3333
40.5157  0.6667
40.5240  2.0000
40.5323  0.3333
40.5405  1.0000
40.5488  0.3333
40.5570  2.0000
40.5653  1.3333
40.5736  1.6667
40.5818  1.6667
40.5901  1.6667
40.5983  0.0000
40.6066  0.6667
40.6149  1.6667
40.6231  1.3333
40.6314  0.3333
40.6396  0.6667
40.6479  1.6667
40.6562  2.3333
40.6644  1.6667
40.6727  0.3333
40.6809  1.6667
40.6892  1.3333
40.6975  2.6667
40.7057  1.0000
40.7140  2.3333
40.7222  1.0000
40.7305  2.3333
40.7388  2.0000
40.7470  1.0000
40.7553  1.6667
40.7635  1.3333
40.7718  2.3333
40.7801  1.3333
40.7883  2.0000
40.7966  3.3333
40.8048  2.3333
40.8131  2.6667
40.8214  2.0000
40.8296  1.3333
40.8379  1.6667
40.8461  1.3333
40.8544  2.3333
40.8627  1.6667
40.8709  2.3333
40.8792  1.6667
40.8874  1.6667
40.8957  3.0000
40.9040  2.6667
40.9122  4.0000
40.9205  2.6667
40.9287  3.3333
40.9370  3.6667
40.9453  1.6667
40.9535  4.3333
40.9618  2.3333
40.9700  3.0000
40.9783  3.0000
40.9866  2.3333
40.9948  2.6667
41.0031  3.6667
41.0113  4.3333
41.0196  4.0000
41.0279  4.0000
41.0361  3.0000
41.0444  2.6667
41.0526  2.6667
41.0609  3.6667
41.0692  3.6667
41.0774  4.6667
41.0857  5.0000
41.0939  3.0000
41.1022  4.0000
41.1105  3.0000
41.1187  2.6667
41.1270  3.6667
41.1352  3.0000
41.1435  2.3333
41.1518  4.3333
41.1600  4.3333
41.1683  2.6667
41.1765  4.0000
41.1848  3.6667
41.1931  5.0000
41.2013  4.6667
41.2096  3.0000
41.2178  4.3333
41.2261  5.0000
41.2344  4.6667
41.2426  2.6667
41.2509  4.0000
41.2591  3.6667
41.2674  4.0000
41.2757  3.3333
41.2839  3.3333
41.2922  3.3333
41.3004  4.0000
41.3087  4.3333
41.3170  2.3333
41.3252  3.6667
41.3335  5.0000
41.3417  4.6667
41.3500  6.6667
41.3583  7.0000
41.3665  6.0000
41.3748  5.0000
41.3830  9.0000
41.3913  4.0000
41.3996  4.0000
41.4078  4.3333
41.4161  5.3333
41.4243  8.3333
41.4326  5.6667
41.4409  6.3333
41.4491  5.6667
41.4574  7.3333
41.4656  6.6667
41.4739  7.6667
41.4822  8.3333
41.4904  8.3333
41.4987  6.3333
41.5069  8.3333
41.5152 11.6667
41.5235  9.3333
41.5317  6.3333
41.5400 10.3333
41.5482  8.6667
41.5565 10.0000
41.5648  7.0000
41.5730 11.6667
41.5813  8.6667
41.5895  9.6667
41.5978 12.3333
41.6061 12.0000
41.6143 11.0000
41.6226 13.0000
41.6308 13.0000
41.6391 14.3333
41.6474 12.3333
41.6556 15.6667
41.6639 13.0000
41.6721 16.0000
41.6804 13.3333
41.6887 13.6667
41.6969 15.3333
41.7052 18.6667
41.7134 13.6667
41.7217 20.3333
41.7300 24.6667
41.7382 20.3333
41.7465 18.6667
41.7547 23.6667
41.7630 21.3333
41.7713 27.3333
41.7795 29.6667
41.7878 30.0000
41.7960 31.3333
41.8043 36.0000
41.8126 30.0000
41.8208 45.0000
41.8291 45.6667
41.8373 45.3333
41.8456 57.3333
41.8539 54.0000
41.8621 45.6667
41.8704 64.6667
41.8786 64.6667
41.8869 61.6667
41.8952 75.6667
41.9034 79.3333
41.9117 82.3333
41.9199 94.0000
41.9282 90.3333
41.9365 105.6667
41.9447 101.6667
41.9530 99.0000
41.9612 113.3333
41.9695 128.0000
41.9778 136.3333
41.9860 123.3333
41.9943 134.3333
42.0025 137.0000
42.0108 129.3333
42.0191 140.0000
42.0273 148.0000
42.0356 148.6667
42.0438 150.0000
42.0521 147.3333
42.0604 163.0000
42.0686 160.0000
42.0769 135.6667
42.0851 152.6667
42.0934 138.0000
42.1017 144.6667
42.1099 129.0000
42.1182 134.0000
42.1264 132.0000
42.1347 126.3333
42.1430 116.0000
42.1512 98.3333
42.1595 104.0000
42.1677 100.6667
42.1760 88.0000
42.1843 85.6667
42.1925 69.6667
42.2008 72.3333
42.2090 65.0000
42.2173 54.0000
42.2256 58.0000
42.2338 53.3333
42.2421 54.0000
42.2503 46.3333
42.2586 42.3333
42.2669 32.6667
42.2751 33.6667
42.2834 25.6667
42.2916 26.0000
42.2999 25.6667
42.3082 18.6667
42.3164 24.6667
42.3247 23.3333
42.3329 15.3333
42.3412 18.3333
42.3495 13.6667
42.3577 13.6667
42.3660 14.6667
42.3742 11.3333
42.3825  7.6667
42.3908  6.6667
42.3990 14.0000
42.4073 10.6667
42.4155  6.6667
42.4238  9.3333
42.4321  5.3333
42.4403  6.3333
42.4486 10.3333
42.4568  6.6667
42.4651  8.3333
42.4734  7.0000
42.4816  8.6667
42.4899  3.3333
42.4981  4.0000
42.5064  7.6667
42.5147  6.3333
42.5229  4.3333
42.5312  3.6667
42.5394  3.3333
42.5477  4.3333
42.5560  3.0000
42.5642  4.3333
42.5725  3.6667
42.5807  3.0000
42.5890  3.6667
42.5973  3.6667
42.6055  4.0000
42.6138  1.3333
42.6220  4.0000
42.6303  2.6667
42.6386  3.6667
42.6468  4.0000
42.6551  4.0000
42.6633  3.3333
42.6716  2.3333
42.6799  4.3333
42.6881  3.3333
42.6964  2.0000
42.7046  2.3333
42.7129  0.6667
42.7212  1.6667
42.7294  3.0000
42.7377  2.0000
42.7459  3.3333
42.7542  1.3333
42.7625  2.0000
42.7707  3.3333
42.7790  1.6667
42.7872  1.6667
42.7955  3.3333
42.8038  2.0000
42.8120  1.6667
42.8203  1.0000
42.8285  2.3333
42.8368  1.6667
42.8451  2.0000
42.8533  2.0000
42.8616  1.3333
42.8698  0.3333
42.8781  2.3333
42.8864  1.3333
42.8946  2.0000
42.9029  1.6667
42.9111  1.6667
42.9194  3.0000
42.9277  1.0000
42.9359  0.6667
42.9442  1.3333
42.9524  0.3333
42.9607  2.0000
42.9690  1.6667
42.9772  2.0000
42.9855  1.3333
42.9937  3.3333
43.0020  0.6667
43.0103  1.3333
43.0185  0.6667
43.0268  1.0000
43.0350  0.3333
43.0433  0.6667
43.0516  0.6667
43.0598  1.3333
43.0681  1.0000
43.0763  1.3333
43.0846  0.3333
43.0929  1.3333
43.1011  1.0000
43.1094  0.3333
43.1176  0.3333
43.1259  0.6667
43.1342  1.0000
43.1424  0.0000
43.1507  0.6667
43.1589  0.3333
43.1672  0.3333
43.1755  0.6667
43.1837  1.3333
43.1920  0.6667
43.2002  0.6667
43.2085  0.0000
43.2168  0.3333
43.2250  0.3333
43.2333  0.3333
43.2415  0.0000
43.2498  0.6667
