74.7776  1.0000
74.7859  0.0000
74.7941  0.0000
74.8024  0.0000
74.8107  0.0000
74.8189  1.0000
74.8272  0.0000
74.8354  0.0000
74.8437  0.0000
74.8520  0.0000
74.8602  0.0000
74.8685  0.0000
74.8767  0.0000
74.8850  0.0000
74.8933  1.0000
74.9015  1.0000
74.9098  1.0000
74.9180  0.0000
74.9263  1.0000
74.9346  0.0000
74.9428  0.0000
74.9511  0.0000
74.9593  0.0000
74.9676  1.0000
74.9759  1.0000
74.9841  0.0000
74.9924  0.0000
75.0006  0.0000
75.0089  0.0000
75.0172  1.0000
75.0254  1.0000
75.0337  2.0000
75.0419  2.0000
75.0502  0.0000
75.0585  1.0000
75.0667  0.0000
75.0750  2.0000
75.0832  0.0000
75.0915  0.0000
75.0998  0.0000
75.1080  0.0000
75.1163  0.0000
75.1245  2.0000
75.1328  0.0000
75.1411  0.0000
75.1493  1.0000
75.1576  0.0000
75.1658  0.0000
75.1741  0.0000
75.1824  0.0000
75.1906  1.0000
75.1989  0.0000
75.2071  0.0000
75.2154  0.0000
75.2237  1.0000
75.2319  1.0000
75.2402  0.0000
75.2484  0.0000
75.2567  2.0000
75.2650  1.0000
75.2732  0.0000
75.2815  0.0000
75.2897  0.0000
75.2980  3.0000
75.3063  0.0000
75.3145  1.0000
75.3228  0.0000
75.3310  2.0000
75.3393  0.0000
75.3476  3.0000
75.3558  1.0000
75.3641  0.0000
75.3723  0.0000
75.3806  0.0000
75.3889  2.0000
75.3971  0.0000
75.4054  1.0000
75.4136  0.0000
75.4219  0.0000
75.4302  0.0000
75.4384  0.0000
75.4467  1.0000
75.4549  0.0000
75.4632  0.0000
75.4715  0.0000
75.4797  0.0000
75.4880  0.0000
75.4962  0.0000
75.5045  2.0000
75.5128  0.0000
75.5210  1.0000
75.5293  3.0000
75.5375  0.0000
75.5458  0.0000
75.5541  2.0000
75.5623  0.0000
75.5706  1.0000
75.5788  1.0000
75.5871  1.0000
75.5954  0.0000
75.6036  0.0000
75.6119  2.0000
75.6201  0.0000
75.6284  2.0000
75.6367  1.0000
75.6449  1.0000
75.6532  1.0000
75.6614  1.0000
75.6697  2.0000
75.6780  0.0000
75.6862  2.0000
75.6945  0.0000
75.7027  0.0000
75.7110  0.0000
75.7193  0.0000
75.7275  0.0000
75.7358  1.0000
75.7440  3.0000
75.7523  1.0000
75.7606  1.0000
75.7688  0.0000
75.7771  1.0000
75.7853  1.0000
75.7936  1.0000
75.8019  3.0000
75.8101  0.0000
75.8184  1.0000
75.8266  1.0000
75.8349  2.0000
75.8432  2.0000
75.8514  1.0000
75.8597  0.0000
75.8679  0.0000
75.8762  0.0000
75.8845  1.0000
75.8927  2.0000
75.9010  0.0000
75.9092  1.0000
75.9175  1.0000
75.9258  2.0000
75.9340  1.0000
75.9423  2.0000
75.9505  1.0000
75.9588  2.0000
75.9671  1.0000
75.9753  0.0000
75.9836  0.0000
75.9918  2.0000
76.0001  1.0000
76.0084  2.0000
76.0166  2.0000
76.0249  1.0000
76.0331  2.0000
76.0414  0.0000
76.0497  3.0000
76.0579  1.0000
76.0662  3.0000
76.0744  2.0000
76.0827  1.0000
76.0910  4.0000
76.0992  1.0000
76.1075  4.0000
76.1157  2.0000
76.1240  4.0000
76.1323  1.0000
76.1405  2.0000
76.1488  4.0000
76.1570  1.0000
76.1653  3.0000
76.1736  1.0000
76.1818  3.0000
76.1901  0.0000
76.1983  2.0000
76.2066  3.0000
76.2149  3.0000
76.2231  4.0000
76.2314  3.0000
76.2396  1.0000
76.2479  3.0000
76.2562  2.0000
76.2644  4.0000
76.2727  1.0000
76.2809  6.0000
76.2892  3.0000
76.2975  4.0000
76.3057  6.0000
76.3140  4.0000
76.3222  5.0000
76.3305  4.0000
76.3388  6.0000
76.3470  3.0000
76.3553  8.0000
76.3635  6.0000
76.3718  6.0000
76.3801  4.0000
76.3883  7.0000
76.3966 13.0000
76.4048 15.0000
76.4131  6.0000
76.4214  3.0000
76.4296 14.0000
76.4379 10.0000
76.4461  9.0000
76.4544 15.0000
76.4627 14.0000
76.4709 12.0000
76.4792 16.0000
76.4874 13.0000
76.4957  9.0000
76.5040  8.0000
76.5122 16.0000
76.5205 14.0000
76.5287 15.0000
76.5370 15.0000
76.5453 19.0000
76.5535 18.0000
76.5618 22.0000
76.5700 19.0000
76.5783 20.0000
76.5866 16.0000
76.5948 21.0000
76.6031 15.0000
76.6113 20.0000
76.6196 16.0000
76.6279 23.0000
76.6361 24.0000
76.6444 20.0000
76.6526 19.0000
76.6609 16.0000
76.6692 14.0000
76.6774 24.0000
76.6857 18.0000
76.6939 14.0000
76.7022 14.0000
76.7105 12.0000
76.7187 11.0000
76.7270 15.0000
76.7352 22.0000
76.7435 15.0000
76.7518 10.0000
76.7600 11.0000
76.7683 11.0000
76.7765 19.0000
76.7848 12.0000
76.7931 10.0000
76.8013 14.0000
76.8096 11.0000
76.8178 10.0000
76.8261  6.0000
76.8344  8.0000
76.8426  8.0000
76.8509 10.0000
76.8591 13.0000
76.8674 11.0000
76.8757  8.0000
76.8839 10.0000
76.8922 10.0000
76.9004  6.0000
76.9087 10.0000
76.9170  6.0000
76.9252  3.0000
76.9335  3.0000
76.9417  1.0000
76.9500  6.0000
76.9583  5.0000
76.9665  4.0000
76.9748  6.0000
76.9830  4.0000
76.9913  4.0000
76.9996  1.0000
77.0078  5.0000
77.0161  5.0000
77.0243  3.0000
77.0326  5.0000
77.0409  3.0000
77.0491  3.0000
77.0574  3.0000
77.0656  3.0000
77.0739  4.0000
77.0822  1.0000
77.0904  3.0000
77.0987  1.0000
77.1069  3.0000
77.1152  1.0000
77.1235  0.0000
77.1317  1.0000
77.1400  3.0000
77.1482  0.0000
77.1565  4.0000
77.1648  1.0000
77.1730  3.0000
77.1813  2.0000
77.1895  1.0000
77.1978  2.0000
77.2061  1.0000
77.2143  1.0000
77.2226  3.0000
77.2308  2.0000
77.2391  1.0000
77.2474  1.0000
77.2556  1.0000
77.2639  1.0000
77.2721  2.0000
77.2804  1.0000
77.2887  0.0000
77.2969  1.0000
77.3052  2.0000
77.3134  2.0000
77.3217  6.0000
77.3300  2.0000
77.3382  3.0000
77.3465  2.0000
77.3547  3.0000
77.3630  0.0000
77.3713  0.0000
77.3795  1.0000
77.3878  1.0000
77.3960  0.0000
77.4043  3.0000
77.4126  0.0000
77.4208  3.0000
77.4291  1.0000
77.4373  0.0000
77.4456  1.0000
77.4539  1.0000
77.4621  2.0000
77.4704  1.0000
77.4786  1.0000
77.4869  0.0000
77.4952  1.0000
77.5034  1.0000
77.5117  0.0000
77.5199  0.0000
77.5282  2.0000
77.5365  1.0000
77.5447  1.0000
77.5530  0.0000
77.5612  1.0000
77.5695  1.0000
77.5778  0.0000
77.5860  1.0000
77.5943  0.0000
77.6025  0.0000
77.6108  1.0000
77.6191  1.0000
77.6273  1.0000
77.6356  1.0000
77.6438  2.0000
77.6521  0.0000
77.6604  0.0000
77.6686  0.0000
77.6769  4.0000
77.6851  5.0000
77.6934  2.0000
77.7017  0.0000
77.7099  1.0000
77.7182  1.0000
77.7264  3.0000
77.7347  0.0000
77.7430  0.0000
77.7512  0.0000
77.7595  0.0000
77.7677  0.0000
77.7760  1.0000
77.7843  0.0000
77.7925  1.0000
77.8008  0.0000
77.8090  2.0000
77.8173  0.0000
77.8256  1.0000
77.8338  1.0000
77.8421  2.0000
77.8503  0.0000
77.8586  0.0000
77.8669  0.0000
77.8751  1.0000
77.8834  0.0000
77.8916  2.0000
77.8999  1.0000
77.9082  0.0000
77.9164  1.0000
77.9247  1.0000
77.9329  0.0000
77.9412  1.0000
77.9495  1.0000
77.9577  0.0000
77.9660  0.0000
77.9742  2.0000
77.9825  0.0000
77.9908  0.0000
77.9990  1.0000
78.0073  0.0000
78.0155  0.0000
78.0238  2.0000
78.0321  0.0000
78.0403  0.0000
78.0486  0.0000
78.0568  0.0000
78.0651  1.0000
78.0734  1.0000
78.0816  1.0000
78.0899  2.0000
78.0981  0.0000
78.1064  1.0000
78.1147  1.0000
78.1229  0.0000
78.1312  0.0000
78.1394  0.0000
78.1477  1.0000
78.1560  1.0000
78.1642  0.0000
78.1725  0.0000
78.1807  1.0000
78.1890  0.0000
78.1973  1.0000
78.2055  0.0000
78.2138  0.0000
78.2220  0.0000
78.2303  1.0000
78.2386  0.0000
78.2468  2.0000
78.2551  1.0000
78.2633  0.0000
78.2716  0.0000
78.2799  2.0000
78.2881  2.0000
78.2964  2.0000
78.3046  0.0000
78.3129  0.0000
78.3212  1.0000
78.3294  0.0000
78.3377  0.0000
78.3459  1.0000
78.3542  0.0000
78.3625  0.0000
78.3707  0.0000
78.3790  0.0000
78.3872  0.0000
78.3955  0.0000
78.4038  2.0000
78.4120  0.0000
78.4203  1.0000
78.4285  0.0000
78.4368  0.0000
78.4451  1.0000
78.4533  1.0000
78.4616  0.0000
78.4698  0.0000
78.4781  0.0000
78.4864  0.0000
78.4946  0.0000
78.5029  0.0000
78.5111  2.0000
78.5194  0.0000
78.5277  1.0000
78.5359  0.0000
78.5442  0.0000
78.5524  1.0000
78.5607  1.0000
78.5690  0.0000
78.5772  1.0000
78.5855  0.0000
78.5937  1.0000
78.6020  1.0000
78.6103  0.0000
78.6185  0.0000
78.6268  0.0000
78.6350  0.0000
78.6433  2.0000
78.6516  1.0000
78.6598  0.0000
78.6681  1.0000
78.6763  0.0000
78.6846  1.0000
78.6929  0.0000
78.7011  0.0000
78.7094  1.0000
78.7176  1.0000
78.7259  0.0000
78.7342  0.0000
78.7424  0.0000
78.7507  0.0000
78.7589  1.0000
