89.6272  1.0000
89.6354  1.0000
89.6437  0.0000
89.6520  0.0000
89.6602  0.0000
89.6685  1.0000
89.6767  0.0000
89.6850  0.0000
89.6933  0.0000
89.7015  1.0000
89.7098  1.0000
89.7180  0.0000
89.7263  2.0000
89.7346  0.0000
89.7428  1.0000
89.7511  1.0000
89.7593  2.0000
89.7676  0.0000
89.7759  0.0000
89.7841  1.0000
89.7924  1.0000
89.8006  1.0000
89.8089  0.0000
89.8172  2.0000
89.8254  0.0000
89.8337  1.0000
89.8419  0.0000
89.8502  1.0000
89.8585  1.0000
89.8667  1.0000
89.8750  1.0000
89.8832  0.0000
89.8915  0.0000
89.8998  0.0000
89.9080  1.0000
89.9163  2.0000
89.9245  1.0000
89.9328  1.0000
89.9411  0.0000
89.9493  0.0000
89.9576  0.0000
89.9658  2.0000
89.9741  0.0000
89.9824  2.0000
89.9906  0.0000
89.9989  0.0000
90.0071  1.0000
90.0154  0.0000
90.0237  0.0000
90.0319  0.0000
90.0402  1.0000
90.0484  0.0000
90.0567  0.0000
90.0650  0.0000
90.0732  1.0000
90.0815  2.0000
90.0897  2.0000
90.0980  0.0000
90.1063  1.0000
90.1145  0.0000
90.1228  0.0000
90.1310  1.0000
90.1393  1.0000
90.1476  0.0000
90.1558  1.0000
90.1641  0.0000
90.1723  1.0000
90.1806  1.0000
90.1889  1.0000
90.1971  0.0000
90.2054  0.0000
90.2136  0.0000
90.2219  0.0000
90.2302  0.0000
90.2384  2.0000
90.2467  2.0000
90.2549  0.0000
90.2632  3.0000
90.2715  0.0000
90.2797  1.0000
90.2880  0.0000
90.2962  2.0000
90.3045  1.0000
90.3128  1.0000
90.3210  3.0000
90.3293  0.0000
90.3375  1.0000
90.3458  1.0000
90.3541  1.0000
90.3623  0.0000
90.3706  1.0000
90.3788  4.0000
90.3871  0.0000
90.3954  2.0000
90.4036  0.0000
90.4119  2.0000
90.4201  3.0000
90.4284  1.0000
90.4367  1.0000
90.4449  1.0000
90.4532  0.0000
90.4614  2.0000
90.4697  1.0000
90.4780  2.0000
90.4862  0.0000
90.4945  1.0000
90.5027  2.0000
90.5110  0.0000
90.5193  2.0000
90.5275  3.0000
90.5358  4.0000
90.5440  2.0000
90.5523  0.0000
90.5606  3.0000
90.5688  3.0000
90.5771  1.0000
90.5853  0.0000
90.5936  2.0000
90.6019  1.0000
90.6101  0.0000
90.6184  3.0000
90.6266  1.0000
90.6349  2.0000
90.6432  0.0000
90.6514  1.0000
90.6597  1.0000
90.6679  0.0000
90.6762  2.0000
90.6845  3.0000
90.6927  1.0000
90.7010  1.0000
90.7092  1.0000
90.7175  1.0000
90.7258  2.0000
90.7340  1.0000
90.7423  1.0000
90.7505  1.0000
90.7588  1.0000
90.7671  3.0000
90.7753  1.0000
90.7836  1.0000
90.7918  3.0000
90.8001  2.0000
90.8084  2.0000
90.8166  2.0000
90.8249  2.0000
90.8331  0.0000
90.8414  4.0000
90.8497  2.0000
90.8579  2.0000
90.8662  0.0000
90.8744  1.0000
90.8827  4.0000
90.8910  2.0000
90.8992  3.0000
90.9075  2.0000
90.9157  3.0000
90.9240  5.0000
90.9323  0.0000
90.9405  3.0000
90.9488  3.0000
90.9570  4.0000
90.9653  5.0000
90.9736  4.0000
90.9818  0.0000
90.9901  7.0000
90.9983  1.0000
91.0066  3.0000
91.0149  1.0000
91.0231  3.0000
91.0314  8.0000
91.0396  2.0000
91.0479  4.0000
91.0562  4.0000
91.0644  3.0000
91.0727  2.0000
91.0809  8.0000
91.0892  4.0000
91.0975 11.0000
91.1057  3.0000
91.1140  5.0000
91.1222  4.0000
91.1305  4.0000
91.1388  9.0000
91.1470  7.0000
91.1553  6.0000
91.1635  7.0000
91.1718  7.0000
91.1801  9.0000
91.1883  8.0000
91.1966  8.0000
91.2048  6.0000
91.2131  9.0000
91.2214 10.0000
91.2296  8.0000
91.2379 13.0000
91.2461 15.0000
91.2544 12.0000
91.2627 15.0000
91.2709 16.0000
91.2792 15.0000
91.2874 19.0000
91.2957 18.0000
91.3040 12.0000
91.3122 27.0000
91.3205 18.0000
91.3287 20.0000
91.3370 26.0000
91.3453 20.0000
91.3535 27.0000
91.3618 24.0000
91.3700 31.0000
91.3783 35.0000
91.3866 34.0000
91.3948 28.0000
91.4031 39.0000
91.4113 26.0000
91.4196 28.0000
91.4279 37.0000
91.4361 36.0000
91.4444 37.0000
91.4526 26.0000
91.4609 30.0000
91.4692 36.0000
91.4774 43.0000
91.4857 30.0000
91.4939 36.0000
91.5022 31.0000
91.5105 40.0000
91.5187 31.0000
91.5270 48.0000
91.5352 40.0000
91.5435 43.0000
91.5518 38.0000
91.5600 45.0000
91.5683 30.0000
91.5765 39.0000
91.5848 40.0000
91.5931 46.0000
91.6013 47.0000
91.6096 35.0000
91.6178 50.0000
91.6261 47.0000
91.6344 47.0000
91.6426 43.0000
91.6509 41.0000
91.6591 37.0000
91.6674 43.0000
91.6757 49.0000
91.6839 55.0000
91.6922 35.0000
91.7004 33.0000
91.7087 36.0000
91.7170 31.0000
91.7252 41.0000
91.7335 32.0000
91.7417 34.0000
91.7500 41.0000
91.7583 25.0000
91.7665 38.0000
91.7748 30.0000
91.7830 31.0000
91.7913 25.0000
91.7996 28.0000
91.8078 31.0000
91.8161 26.0000
91.8243 27.0000
91.8326 21.0000
91.8409 23.0000
91.8491 26.0000
91.8574 24.0000
91.8656 27.0000
91.8739 25.0000
91.8822 17.0000
91.8904 26.0000
91.8987 17.0000
91.9069 14.0000
91.9152 15.0000
91.9235 13.0000
91.9317 13.0000
91.9400 10.0000
91.9482 12.0000
91.9565 11.0000
91.9648  7.0000
91.9730 12.0000
91.9813 11.0000
91.9895  8.0000
91.9978 15.0000
92.0061 13.0000
92.0143 13.0000
92.0226  7.0000
92.0308  3.0000
92.0391  6.0000
92.0474  4.0000
92.0556  3.0000
92.0639  5.0000
92.0721  6.0000
92.0804  3.0000
92.0887  6.0000
92.0969  4.0000
92.1052  5.0000
92.1134  1.0000
92.1217  1.0000
92.1300  3.0000
92.1382  5.0000
92.1465  3.0000
92.1547  3.0000
92.1630  5.0000
92.1713  6.0000
92.1795  1.0000
92.1878  1.0000
92.1960  2.0000
92.2043  2.0000
92.2126  1.0000
92.2208  0.0000
92.2291  6.0000
92.2373  0.0000
92.2456  0.0000
92.2539  2.0000
92.2621  2.0000
92.2704  0.0000
92.2786  2.0000
92.2869  3.0000
92.2952  3.0000
92.3034  0.0000
92.3117  3.0000
92.3199  5.0000
92.3282  2.0000
92.3365  0.0000
92.3447  1.0000
92.3530  1.0000
92.3612  1.0000
92.3695  0.0000
92.3778  1.0000
92.3860  2.0000
92.3943  2.0000
92.4025  2.0000
92.4108  1.0000
92.4191  3.0000
92.4273  1.0000
92.4356  3.0000
92.4438  2.0000
92.4521  0.0000
92.4604  1.0000
92.4686  0.0000
92.4769  0.0000
92.4851  2.0000
92.4934  0.0000
92.5017  0.0000
92.5099  3.0000
92.5182  2.0000
92.5264  3.0000
92.5347  1.0000
92.5430  2.0000
92.5512  2.0000
92.5595  0.0000
92.5677  1.0000
92.5760  0.0000
92.5843  0.0000
92.5925  2.0000
92.6008  2.0000
92.6090  0.0000
92.6173  2.0000
92.6256  0.0000
92.6338  2.0000
92.6421  3.0000
92.6503  1.0000
92.6586  0.0000
92.6669  2.0000
92.6751  1.0000
92.6834  1.0000
92.6916  1.0000
92.6999  1.0000
92.7082  2.0000
92.7164  0.0000
92.7247  4.0000
92.7329  3.0000
92.7412  4.0000
92.7495  2.0000
92.7577  0.0000
92.7660  2.0000
92.7742  1.0000
92.7825  1.0000
92.7908  2.0000
92.7990  0.0000
92.8073  4.0000
92.8155  0.0000
92.8238  1.0000
92.8321  0.0000
92.8403  1.0000
92.8486  3.0000
92.8568  0.0000
92.8651  0.0000
92.8734  0.0000
92.8816  0.0000
92.8899  1.0000
92.8981  0.0000
92.9064  2.0000
92.9147  0.0000
92.9229  1.0000
92.9312  0.0000
92.9394  1.0000
92.9477  2.0000
92.9560  3.0000
92.9642  1.0000
92.9725  2.0000
92.9807  2.0000
92.9890  3.0000
92.9973  1.0000
93.0055  4.0000
93.0138  0.0000
93.0220  1.0000
93.0303  1.0000
93.0386  2.0000
93.0468  1.0000
93.0551  3.0000
93.0633  1.0000
93.0716  1.0000
93.0799  0.0000
93.0881  4.0000
93.0964  1.0000
93.1046  1.0000
93.1129  0.0000
93.1212  0.0000
93.1294  1.0000
93.1377  5.0000
93.1459  1.0000
93.1542  3.0000
93.1625  1.0000
93.1707  0.0000
93.1790  4.0000
93.1872  0.0000
93.1955  4.0000
93.2038  1.0000
93.2120  3.0000
93.2203  1.0000
93.2285  3.0000
93.2368  3.0000
93.2451  4.0000
93.2533  0.0000
93.2616  0.0000
93.2698  0.0000
93.2781  0.0000
93.2864  1.0000
93.2946  1.0000
93.3029  1.0000
93.3111  2.0000
93.3194  1.0000
93.3277  1.0000
93.3359  1.0000
93.3442  0.0000
93.3524  1.0000
93.3607  0.0000
93.3690  2.0000
93.3772  1.0000
93.3855  1.0000
93.3937  0.0000
93.4020  0.0000
93.4103  0.0000
93.4185  2.0000
93.4268  0.0000
93.4350  1.0000
93.4433  1.0000
93.4516  1.0000
93.4598  2.0000
93.4681  0.0000
93.4763  1.0000
93.4846  0.0000
93.4929  0.0000
93.5011  1.0000
93.5094  0.0000
93.5176  0.0000
93.5259  0.0000
93.5342  1.0000
93.5424  1.0000
93.5507  0.0000
93.5589  3.0000
93.5672  0.0000
93.5755  1.0000
93.5837  1.0000
93.5920  0.0000
93.6002  2.0000
93.6085  1.0000
93.6168  0.0000
93.6250  0.0000
93.6333  1.0000
93.6415  0.0000
93.6498  1.0000
93.6581  1.0000
