89.5281  1.0000
89.5363  0.0000
89.5446  0.0000
89.5528  0.0000
89.5611  0.0000
89.5694  0.0000
89.5776  0.0000
89.5859  0.0000
89.5941  0.0000
89.6024  0.0000
89.6107  1.0000
89.6189  0.0000
89.6272  0.0000
89.6354  1.0000
89.6437  0.0000
89.6520  1.0000
89.6602  1.0000
89.6685  2.0000
89.6767  0.0000
89.6850  1.0000
89.6933  0.0000
89.7015  2.0000
89.7098  0.0000
89.7180  0.0000
89.7263  1.0000
89.7346  0.0000
89.7428  2.0000
89.7511  1.0000
89.7593  0.0000
89.7676  1.0000
89.7759  1.0000
89.7841  0.0000
89.7924  0.0000
89.8006  1.0000
89.8089  0.0000
89.8172  0.0000
89.8254  0.0000
89.8337  0.0000
89.8419  2.0000
89.8502  1.0000
89.8585  0.0000
89.8667  1.0000
89.8750  4.0000
89.8832  0.0000
89.8915  4.0000
89.8998  0.0000
89.9080  0.0000
89.9163  1.0000
89.9245  0.0000
89.9328  0.0000
89.9411  1.0000
89.9493  0.0000
89.9576  0.0000
89.9658  0.0000
89.9741  0.0000
89.9824  2.0000
89.9906  2.0000
89.9989  1.0000
90.0071  0.0000
90.0154  1.0000
90.0237  1.0000
90.0319  0.0000
90.0402  0.0000
90.0484  3.0000
90.0567  1.0000
90.0650  1.0000
90.0732  1.0000
90.0815  1.0000
90.0897  0.0000
90.0980  1.0000
90.1063  1.0000
90.1145  0.0000
90.1228  1.0000
90.1310  3.0000
90.1393  2.0000
90.1476  1.0000
90.1558  0.0000
90.1641  1.0000
90.1723  1.0000
90.1806  0.0000
90.1889  1.0000
90.1971  2.0000
90.2054  1.0000
90.2136  1.0000
90.2219  1.0000
90.2302  2.0000
90.2384  1.0000
90.2467  2.0000
90.2549  3.0000
90.2632  1.0000
90.2715  0.0000
90.2797  1.0000
90.2880  0.0000
90.2962  2.0000
90.3045  0.0000
90.3128  0.0000
90.3210  2.0000
90.3293  1.0000
90.3375  3.0000
90.3458  1.0000
90.3541  1.0000
90.3623  1.0000
90.3706  2.0000
90.3788  1.0000
90.3871  0.0000
90.3954  1.0000
90.4036  1.0000
90.4119  3.0000
90.4201  0.0000
90.4284  1.0000
90.4367  4.0000
90.4449  1.0000
90.4532  2.0000
90.4614  2.0000
90.4697  0.0000
90.4780  2.0000
90.4862  3.0000
90.4945  0.0000
90.5027  3.0000
90.5110  0.0000
90.5193  1.0000
90.5275  1.0000
90.5358  1.0000
90.5440  1.0000
90.5523  3.0000
90.5606  1.0000
90.5688  2.0000
90.5771  2.0000
90.5853  1.0000
90.5936  0.0000
90.6019  1.0000
90.6101  1.0000
90.6184  2.0000
90.6266  0.0000
90.6349  1.0000
90.6432  2.0000
90.6514  2.0000
90.6597  2.0000
90.6679  0.0000
90.6762  2.0000
90.6845  1.0000
90.6927  2.0000
90.7010  3.0000
90.7092  2.0000
90.7175  1.0000
90.7258  0.0000
90.7340  1.0000
90.7423  1.0000
90.7505  2.0000
90.7588  4.0000
90.7671  5.0000
90.7753  4.0000
90.7836  4.0000
90.7918  3.0000
90.8001  1.0000
90.8084  3.0000
90.8166  4.0000
90.8249  6.0000
90.8331  5.0000
90.8414  2.0000
90.8497  3.0000
90.8579  1.0000
90.8662  2.0000
90.8744  1.0000
90.8827  3.0000
90.8910  6.0000
90.8992  4.0000
90.9075  4.0000
90.9157  7.0000
90.9240  4.0000
90.9323  7.0000
90.9405  2.0000
90.9488  5.0000
90.9570  7.0000
90.9653 10.0000
90.9736  3.0000
90.9818  6.0000
90.9901  3.0000
90.9983  6.0000
91.0066  4.0000
91.0149  6.0000
91.0231  5.0000
91.0314  4.0000
91.0396  5.0000
91.0479  3.0000
91.0562 12.0000
91.0644  9.0000
91.0727  2.0000
91.0809  5.0000
91.0892 11.0000
91.0975  6.0000
91.1057  7.0000
91.1140  9.0000
91.1222  6.0000
91.1305  8.0000
91.1388  6.0000
91.1470  8.0000
91.1553 11.0000
91.1635 11.0000
91.1718  9.0000
91.1801 11.0000
91.1883 15.0000
91.1966 20.0000
91.2048 11.0000
91.2131 16.0000
91.2214 13.0000
91.2296  7.0000
91.2379 22.0000
91.2461 23.0000
91.2544 17.0000
91.2627 16.0000
91.2709 19.0000
91.2792 18.0000
91.2874 15.0000
91.2957 16.0000
91.3040 27.0000
91.3122 21.0000
91.3205 26.0000
91.3287 26.0000
91.3370 33.0000
91.3453 27.0000
91.3535 27.0000
91.3618 27.0000
91.3700 27.0000
91.3783 37.0000
91.3866 32.0000
91.3948 20.0000
91.4031 26.0000
91.4113 39.0000
91.4196 31.0000
91.4279 45.0000
91.4361 42.0000
91.4444 37.0000
91.4526 34.0000
91.4609 41.0000
91.4692 49.0000
91.4774 34.0000
91.4857 48.0000
91.4939 46.0000
91.5022 46.0000
91.5105 33.0000
91.5187 30.0000
91.5270 38.0000
91.5352 35.0000
91.5435 37.0000
91.5518 40.0000
91.5600 43.0000
91.5683 35.0000
91.5765 42.0000
91.5848 27.0000
91.5931 30.0000
91.6013 49.0000
91.6096 45.0000
91.6178 45.0000
91.6261 39.0000
91.6344 43.0000
91.6426 43.0000
91.6509 37.0000
91.6591 32.0000
91.6674 41.0000
91.6757 34.0000
91.6839 45.0000
91.6922 49.0000
91.7004 36.0000
91.7087 38.0000
91.7170 36.0000
91.7252 39.0000
91.7335 24.0000
91.7417 38.0000
91.7500 33.0000
91.7583 32.0000
91.7665 24.0000
91.7748 33.0000
91.7830 38.0000
91.7913 25.0000
91.7996 29.0000
91.8078 30.0000
91.8161 24.0000
91.8243 27.0000
91.8326 31.0000
91.8409 30.0000
91.8491 28.0000
91.8574 19.0000
91.8656 12.0000
91.8739 27.0000
91.8822 17.0000
91.8904 16.0000
91.8987 17.0000
91.9069 19.0000
91.9152 15.0000
91.9235 19.0000
91.9317 11.0000
91.9400 22.0000
91.9482 10.0000
91.9565 15.0000
91.9648  8.0000
91.9730 15.0000
91.9813 11.0000
91.9895 12.0000
91.9978  9.0000
92.0061 11.0000
92.0143 14.0000
92.0226 11.0000
92.0308  8.0000
92.0391  5.0000
92.0474  9.0000
92.0556 13.0000
92.0639  9.0000
92.0721  5.0000
92.0804  3.0000
92.0887  6.0000
92.0969 10.0000
92.1052  4.0000
92.1134  9.0000
92.1217  2.0000
92.1300  5.0000
92.1382  5.0000
92.1465  4.0000
92.1547  5.0000
92.1630  7.0000
92.1713  7.0000
92.1795  2.0000
92.1878  2.0000
92.1960  4.0000
92.2043  5.0000
92.2126  7.0000
92.2208  5.0000
92.2291  3.0000
92.2373  1.0000
92.2456  3.0000
92.2539  3.0000
92.2621  2.0000
92.2704  6.0000
92.2786  3.0000
92.2869  1.0000
92.2952  3.0000
92.3034  1.0000
92.3117  5.0000
92.3199  4.0000
92.3282  4.0000
92.3365  0.0000
92.3447  2.0000
92.3530  1.0000
92.3612  2.0000
92.3695  1.0000
92.3778  2.0000
92.3860  0.0000
92.3943  3.0000
92.4025  3.0000
92.4108  3.0000
92.4191  3.0000
92.4273  2.0000
92.4356  2.0000
92.4438  6.0000
92.4521  2.0000
92.4604  0.0000
92.4686  1.0000
92.4769  3.0000
92.4851  3.0000
92.4934  1.0000
92.5017  2.0000
92.5099  2.0000
92.5182  5.0000
92.5264  0.0000
92.5347  2.0000
92.5430  1.0000
92.5512  1.0000
92.5595  2.0000
92.5677  1.0000
92.5760  1.0000
92.5843  0.0000
92.5925  0.0000
92.6008  0.0000
92.6090  3.0000
92.6173  2.0000
92.6256  3.0000
92.6338  1.0000
92.6421  2.0000
92.6503  1.0000
92.6586  1.0000
92.6669  3.0000
92.6751  3.0000
92.6834  2.0000
92.6916  1.0000
92.6999  3.0000
92.7082  2.0000
92.7164  1.0000
92.7247  2.0000
92.7329  1.0000
92.7412  1.0000
92.7495  0.0000
92.7577  2.0000
92.7660  0.0000
92.7742  2.0000
92.7825  1.0000
92.7908  1.0000
92.7990  1.0000
92.8073  0.0000
92.8155  0.0000
92.8238  2.0000
92.8321  1.0000
92.8403  4.0000
92.8486  4.0000
92.8568  3.0000
92.8651  0.0000
92.8734  1.0000
92.8816  1.0000
92.8899  3.0000
92.8981  0.0000
92.9064  1.0000
92.9147  0.0000
92.9229  2.0000
92.9312  3.0000
92.9394  0.0000
92.9477  2.0000
92.9560  0.0000
92.9642  1.0000
92.9725  2.0000
92.9807  2.0000
92.9890  1.0000
92.9973  0.0000
93.0055  3.0000
93.0138  1.0000
93.0220  4.0000
93.0303  1.0000
93.0386  2.0000
93.0468  0.0000
93.0551  2.0000
93.0633  2.0000
93.0716  1.0000
93.0799  0.0000
93.0881  0.0000
93.0964  0.0000
93.1046  0.0000
93.1129  1.0000
93.1212  1.0000
93.1294  2.0000
93.1377  1.0000
93.1459  1.0000
93.1542  1.0000
93.1625  1.0000
93.1707  1.0000
93.1790  3.0000
93.1872  0.0000
93.1955  2.0000
93.2038  0.0000
93.2120  1.0000
93.2203  0.0000
93.2285  1.0000
93.2368  2.0000
93.2451  1.0000
93.2533  0.0000
93.2616  0.0000
93.2698  0.0000
93.2781  1.0000
93.2864  1.0000
93.2946  2.0000
93.3029  0.0000
93.3111  1.0000
93.3194  2.0000
93.3277  1.0000
93.3359  1.0000
93.3442  2.0000
93.3524  3.0000
93.3607  1.0000
93.3690  1.0000
93.3772  0.0000
93.3855  0.0000
93.3937  1.0000
93.4020  2.0000
93.4103  0.0000
93.4185  0.0000
93.4268  0.0000
93.4350  0.0000
93.4433  1.0000
93.4516  3.0000
93.4598  0.0000
93.4681  1.0000
93.4763  1.0000
93.4846  0.0000
93.4929  0.0000
93.5011  1.0000
93.5094  3.0000
93.5176  0.0000
93.5259  0.0000
93.5342  0.0000
93.5424  2.0000
93.5507  1.0000
93.5589  1.0000
93.5672  0.0000
93.5755  1.0000
93.5837  1.0000
93.5920  1.0000
93.6002  1.0000
93.6085  0.0000
93.6168  0.0000
93.6250  0.0000
93.6333  0.0000
93.6415  0.0000
93.6498  0.0000
93.6581  0.0000
93.6663  0.0000
93.6746  0.0000
93.6828  0.0000
93.6911  1.0000
