39.1446  0.3255
39.1528  0.0000
39.1611  0.0000
39.1694  0.0000
39.1776  0.0000
39.1859  0.0000
39.1941  0.3255
39.2024  0.0000
39.2107  0.3255
39.2189  0.0000
39.2272  0.0000
39.2354  0.3255
39.2437  0.3255
39.2520  0.3255
39.2602  0.3255
39.2685  0.0000
39.2767  0.0000
39.2850  0.3255
39.2933  0.0000
39.3015  0.3255
39.3098  0.6511
39.3180  0.3255
39.3263  0.0000
39.3346  0.0000
39.3428  0.0000
39.3511  0.6511
39.3593  0.6511
39.3676  0.3255
39.3759  0.0000
39.3841  0.3255
39.3924  0.9766
39.4006  0.3255
39.4089  0.9766
39.4172  0.3255
39.4254  0.9766
39.4337  0.3255
39.4419  0.6511
39.4502  0.9766
39.4585  0.3255
39.4667  0.0000
39.4750  0.3255
39.4832  0.3255
39.4915  0.0000
39.4998  0.0000
39.5080  0.0000
39.5163  0.3255
39.5245  0.6511
39.5328  0.0000
39.5411  0.3255
39.5493  0.6511
39.5576  0.3255
39.5658  0.3255
39.5741  0.3255
39.5824  0.9766
39.5906  0.3255
39.5989  0.6511
39.6071  0.6511
39.6154  0.3255
39.6237  0.3255
39.6319  0.3255
39.6402  0.0000
39.6484  0.6511
39.6567  0.3255
39.6650  0.6511
39.6732  0.0000
39.6815  0.3255
39.6897  0.3255
39.6980  0.6511
39.7063  0.3255
39.7145  1.3022
39.7228  1.3022
39.7310  0.3255
39.7393  0.3255
39.7476  0.3255
39.7558  0.6511
39.7641  0.0000
39.7723  0.3255
39.7806  0.6511
39.7889  0.0000
39.7971  0.0000
39.8054  0.0000
39.8136  0.6511
39.8219  0.3255
39.8302  0.9766
39.8384  0.9766
39.8467  0.3255
39.8549  0.3255
39.8632  0.0000
39.8715  0.9766
39.8797  0.3255
39.8880  0.3255
39.8962  0.9766
39.9045  0.9766
39.9128  0.3255
39.9210  0.3255
39.9293  0.6511
39.9375  0.9766
39.9458  0.6511
39.9541  0.0000
39.9623  0.3255
39.9706  0.0000
39.9788  0.3255
39.9871  0.6511
39.9954  0.6511
40.0036  0.3255
40.0119  0.6511
40.0201  0.3255
40.0284  0.3255
40.0367  0.0000
40.0449  0.6511
40.0532  0.0000
40.0614  0.6511
40.0697  0.3255
40.0780  0.9766
40.0862  0.0000
40.0945  0.3255
40.1027  0.0000
40.1110  0.3255
40.1193  0.9766
40.1275  0.6511
40.1358  0.3255
40.1440  0.9766
40.1523  0.9766
40.1606  0.3255
40.1688  0.9766
40.1771  0.0000
40.1853  0.6511
40.1936  0.3255
40.2019  1.3022
40.2101  0.6511
40.2184  0.6511
40.2266  0.3255
40.2349  1.3022
40.2432  0.3255
40.2514  0.3255
40.2597  0.6511
40.2679  0.0000
40.2762  0.9766
40.2845  0.3255
40.2927  0.0000
40.3010  0.0000
40.3092  0.9766
40.3175  0.3255
40.3258  0.0000
40.3340  0.6511
40.3423  1.9532
40.3505  0.9766
40.3588  0.6511
40.3671  2.2788
40.3753  0.3255
40.3836  0.3255
40.3918  0.9766
40.4001  0.3255
40.4084  0.3255
40.4166  0.9766
40.4249  1.3022
40.4331  0.6511
40.4414  1.6277
40.4497  0.9766
40.4579  0.0000
40.4662  0.6511
40.4744  1.6277
40.4827  0.6511
40.4910  0.6511
40.4992  0.0000
40.5075  0.6511
40.5157  0.9766
40.5240  1.3022
40.5323  1.3022
40.5405  0.3255
40.5488  0.9766
40.5570  1.6277
40.5653  1.3022
40.5736  1.3022
40.5818  0.6511
40.5901  0.0000
40.5983  0.9766
40.6066  0.6511
40.6149  2.2788
40.6231  1.6277
40.6314  0.9766
40.6396  0.9766
40.6479  2.6043
40.6562  1.6277
40.6644  2.2788
40.6727  2.9298
40.6809  2.2788
40.6892  1.9532
40.6975  1.9532
40.7057  2.9298
40.7140  1.3022
40.7222  1.9532
40.7305  2.6043
40.7388  0.6511
40.7470  3.5809
40.7553  2.2788
40.7635  5.2086
40.7718  3.5809
40.7801  4.2320
40.7883  4.8831
40.7966  3.9065
40.8048  3.9065
40.8131  5.8597
40.8214  5.2086
40.8296  6.8363
40.8379  7.4874
40.8461  8.4640
40.8544  9.4406
40.8627 11.0683
40.8709  7.8129
40.8792  8.7895
40.8874 13.3471
40.8957  7.8129
40.9040 12.3705
40.9122 11.3938
40.9205 11.7194
40.9287 14.6492
40.9370  8.1385
40.9453  9.4406
40.9535  8.1385
40.9618 11.7194
40.9700 12.3705
40.9783 11.7194
40.9866  9.4406
40.9948  6.5108
41.0031 12.0449
41.0113 10.4172
41.0196  9.7662
41.0279  9.7662
41.0361  9.1151
41.0444  7.8129
41.0526  8.1385
41.0609  6.8363
41.0692  5.8597
41.0774  8.7895
41.0857  6.8363
41.0939  3.5809
41.1022  4.8831
41.1105  4.8831
41.1187  4.8831
41.1270  4.2320
41.1352  4.2320
41.1435  3.5809
41.1518  3.5809
41.1600  2.9298
41.1683  2.9298
41.1765  2.2788
41.1848  1.9532
41.1931  1.9532
41.2013  2.2788
41.2096  2.2788
41.2178  2.6043
41.2261  2.6043
41.2344  2.6043
41.2426  1.6277
41.2509  1.3022
41.2591  1.6277
41.2674  1.6277
41.2757  1.9532
41.2839  1.9532
41.2922  1.6277
41.3004  3.2554
41.3087  1.6277
41.3170  1.9532
41.3252  1.9532
41.3335  1.9532
41.3417  0.6511
41.3500  1.9532
41.3583  1.9532
41.3665  0.6511
41.3748  1.9532
41.3830  1.6277
41.3913  1.6277
41.3996  1.6277
41.4078  1.6277
41.4161  1.9532
41.4243  1.9532
41.4326  1.9532
41.4409  2.2788
41.4491  1.6277
41.4574  2.2788
41.4656  1.9532
41.4739  1.3022
41.4822  1.6277
41.4904  1.9532
41.4987  1.9532
41.5069  0.3255
41.5152  2.2788
41.5235  1.9532
41.5317  1.6277
41.5400  2.6043
41.5482  1.6277
41.5565  1.3022
41.5648  2.2788
41.5730  2.2788
41.5813  3.5809
41.5895  0.9766
41.5978  2.9298
41.6061  1.3022
41.6143  1.9532
41.6226  2.9298
41.6308  3.9065
41.6391  4.5575
41.6474  4.5575
41.6556  3.2554
41.6639  7.4874
41.6721  5.8597
41.6804  3.2554
41.6887  5.8597
41.6969  5.8597
41.7052  8.4640
41.7134  8.1385
41.7217  7.8129
41.7300  7.1618
41.7382  7.1618
41.7465  9.4406
41.7547 13.6726
41.7630 14.3237
41.7713 14.9748
41.7795 17.9046
41.7878 15.3003
41.7960 18.5557
41.8043 20.1834
41.8126 26.6942
41.8208 27.3452
41.8291 31.9028
41.8373 29.2985
41.8456 40.6923
41.8539 38.7391
41.8621 46.5520
41.8704 52.4117
41.8786 55.0160
41.8869 59.2480
41.8952 57.6203
41.9034 69.3397
41.9117 80.7335
41.9199 85.6166
41.9282 88.8720
41.9365 88.8720
41.9447 94.4062
41.9530 96.6849
41.9612 105.8000
41.9695 111.9852
41.9778 124.0302
41.9860 111.0086
41.9943 113.9385
42.0025 128.2622
42.0108 129.8899
42.0191 122.0769
42.0273 138.0283
42.0356 129.5643
42.0438 137.0517
42.0521 131.1920
42.0604 142.5859
42.0686 133.7963
42.0769 120.7748
42.0851 116.8683
42.0934 111.3342
42.1017 96.0339
42.1099 105.8000
42.1182 88.2209
42.1264 75.5249
42.1347 66.0843
42.1430 69.9908
42.1512 64.7822
42.1595 53.0628
42.1677 50.1329
42.1760 40.0412
42.1843 36.7858
42.1925 29.9495
42.2008 28.6474
42.2090 25.3920
42.2173 20.8345
42.2256 27.0197
42.2338 19.2068
42.2421 13.3471
42.2503 12.6960
42.2586 15.6258
42.2669 10.4172
42.2751 10.7428
42.2834  8.4640
42.2916  6.5108
42.2999  6.8363
42.3082  6.5108
42.3164  4.8831
42.3247  3.2554
42.3329  3.5809
42.3412  3.2554
42.3495  4.5575
42.3577  2.9298
42.3660  2.9298
42.3742  2.2788
42.3825  3.5809
42.3908  3.2554
42.3990  1.9532
42.4073  2.2788
42.4155  2.9298
42.4238  1.6277
42.4321  2.2788
42.4403  2.6043
42.4486  2.9298
42.4568  1.9532
42.4651  1.6277
42.4734  2.9298
42.4816  1.3022
42.4899  3.9065
42.4981  1.9532
42.5064  1.3022
42.5147  1.6277
42.5229  1.3022
42.5312  1.9532
42.5394  1.9532
42.5477  1.6277
42.5560  0.9766
42.5642  0.6511
42.5725  2.2788
42.5807  1.9532
42.5890  0.9766
42.5973  2.9298
42.6055  1.9532
42.6138  0.9766
42.6220  1.6277
42.6303  1.6277
42.6386  0.9766
42.6468  1.9532
42.6551  0.9766
42.6633  1.3022
42.6716  1.3022
42.6799  0.6511
42.6881  0.3255
42.6964  1.9532
42.7046  1.3022
42.7129  0.9766
42.7212  1.3022
42.7294  0.9766
42.7377  1.3022
42.7459  2.2788
42.7542  1.9532
42.7625  1.3022
42.7707  1.3022
42.7790  1.9532
42.7872  1.3022
42.7955  1.3022
42.8038  0.9766
42.8120  0.9766
42.8203  1.6277
42.8285  0.0000
42.8368  0.9766
42.8451  1.6277
42.8533  0.9766
42.8616  1.3022
42.8698  1.3022
42.8781  0.3255
42.8864  0.6511
42.8946  1.6277
42.9029  0.3255
42.9111  0.6511
42.9194  0.0000
42.9277  0.9766
42.9359  1.3022
42.9442  0.0000
42.9524  0.9766
42.9607  1.6277
42.9690  0.6511
42.9772  0.9766
42.9855  0.0000
42.9937  0.9766
43.0020  1.3022
43.0103  0.9766
43.0185  0.0000
43.0268  0.6511
43.0350  0.6511
43.0433  0.0000
43.0516  0.9766
43.0598  0.3255
43.0681  0.3255
43.0763  1.3022
43.0846  0.3255
43.0929  0.6511
43.1011  0.3255
43.1094  0.3255
43.1176  0.9766
43.1259  0.0000
43.1342  0.0000
43.1424  0.3255
43.1507  0.3255
43.1589  0.3255
43.1672  0.0000
43.1755  0.3255
43.1837  0.0000
43.1920  0.3255
43.2002  0.3255
43.2085  0.0000
43.2168  0.0000
43.2250  0.0000
43.2333  0.0000
43.2415  0.0000
43.2498  0.3255
