74.9098  1.0000
74.9180  1.0000
74.9263  0.0000
74.9346  1.0000
74.9428  0.0000
74.9511  0.0000
74.9593  0.0000
74.9676  0.0000
74.9759  0.0000
74.9841  0.0000
74.9924  0.0000
75.0006  0.0000
75.0089  2.0000
75.0172  0.0000
75.0254  0.0000
75.0337  1.0000
75.0419  2.0000
75.0502  0.0000
75.0585  0.0000
75.0667  0.0000
75.0750  0.0000
75.0832  0.0000
75.0915  1.0000
75.0998  1.0000
75.1080  0.0000
75.1163  1.0000
75.1245  0.0000
75.1328  0.0000
75.1411  1.0000
75.1493  1.0000
75.1576  0.0000
75.1658  0.0000
75.1741  1.0000
75.1824  0.0000
75.1906  0.0000
75.1989  0.0000
75.2071  1.0000
75.2154  0.0000
75.2237  0.0000
75.2319  0.0000
75.2402  2.0000
75.2484  2.0000
75.2567  1.0000
75.2650  0.0000
75.2732  0.0000
75.2815  0.0000
75.2897  2.0000
75.2980  0.0000
75.3063  1.0000
75.3145  0.0000
75.3228  0.0000
75.3310  0.0000
75.3393  0.0000
75.3476  2.0000
75.3558  0.0000
75.3641  0.0000
75.3723  0.0000
75.3806  1.0000
75.3889  1.0000
75.3971  0.0000
75.4054  1.0000
75.4136  2.0000
75.4219  3.0000
75.4302  1.0000
75.4384  1.0000
75.4467  1.0000
75.4549  0.0000
75.4632  0.0000
75.4715  2.0000
75.4797  0.0000
75.4880  0.0000
75.4962  1.0000
75.5045  0.0000
75.5128  2.0000
75.5210  1.0000
75.5293  2.0000
75.5375  1.0000
75.5458  1.0000
75.5541  2.0000
75.5623  1.0000
75.5706  0.0000
75.5788  1.0000
75.5871  0.0000
75.5954  0.0000
75.6036  0.0000
75.6119  1.0000
75.6201  0.0000
75.6284  1.0000
75.6367  3.0000
75.6449  1.0000
75.6532  5.0000
75.6614  0.0000
75.6697  1.0000
75.6780  0.0000
75.6862  1.0000
75.6945  1.0000
75.7027  1.0000
75.7110  1.0000
75.7193  1.0000
75.7275  1.0000
75.7358  1.0000
75.7440  0.0000
75.7523  1.0000
75.7606  2.0000
75.7688  2.0000
75.7771  1.0000
75.7853  1.0000
75.7936  0.0000
75.8019  2.0000
75.8101  4.0000
75.8184  2.0000
75.8266  4.0000
75.8349  1.0000
75.8432  0.0000
75.8514  1.0000
75.8597  0.0000
75.8679  1.0000
75.8762  0.0000
75.8845  2.0000
75.8927  1.0000
75.9010  3.0000
75.9092  0.0000
75.9175  3.0000
75.9258  1.0000
75.9340  4.0000
75.9423  0.0000
75.9505  4.0000
75.9588  1.0000
75.9671  1.0000
75.9753  1.0000
75.9836  0.0000
75.9918  5.0000
76.0001  1.0000
76.0084  2.0000
76.0166  1.0000
76.0249  1.0000
76.0331  4.0000
76.0414  1.0000
76.0497  2.0000
76.0579  2.0000
76.0662  1.0000
76.0744  2.0000
76.0827  3.0000
76.0910  4.0000
76.0992  2.0000
76.1075  3.0000
76.1157  4.0000
76.1240  0.0000
76.1323  2.0000
76.1405  2.0000
76.1488  3.0000
76.1570  2.0000
76.1653  0.0000
76.1736  1.0000
76.1818  4.0000
76.1901  2.0000
76.1983  0.0000
76.2066  4.0000
76.2149  2.0000
76.2231  0.0000
76.2314  3.0000
76.2396  4.0000
76.2479  4.0000
76.2562  1.0000
76.2644  4.0000
76.2727  1.0000
76.2809  3.0000
76.2892  3.0000
76.2975  4.0000
76.3057  1.0000
76.3140  4.0000
76.3222  1.0000
76.3305  2.0000
76.3388  4.0000
76.3470  1.0000
76.3553  1.0000
76.3635  2.0000
76.3718  3.0000
76.3801  1.0000
76.3883  0.0000
76.3966  1.0000
76.4048  0.0000
76.4131  2.0000
76.4214  2.0000
76.4296  2.0000
76.4379  4.0000
76.4461  3.0000
76.4544  2.0000
76.4627  1.0000
76.4709  4.0000
76.4792  2.0000
76.4874  6.0000
76.4957  4.0000
76.5040  3.0000
76.5122  3.0000
76.5205  3.0000
76.5287  3.0000
76.5370  3.0000
76.5453  2.0000
76.5535  2.0000
76.5618  1.0000
76.5700  3.0000
76.5783  3.0000
76.5866  3.0000
76.5948  5.0000
76.6031  1.0000
76.6113  4.0000
76.6196  6.0000
76.6279  1.0000
76.6361  4.0000
76.6444  6.0000
76.6526  1.0000
76.6609  5.0000
76.6692  7.0000
76.6774  4.0000
76.6857  6.0000
76.6939  3.0000
76.7022  6.0000
76.7105  6.0000
76.7187  8.0000
76.7270  3.0000
76.7352  5.0000
76.7435 10.0000
76.7518  7.0000
76.7600  6.0000
76.7683  7.0000
76.7765  7.0000
76.7848 15.0000
76.7931  4.0000
76.8013 12.0000
76.8096  7.0000
76.8178  8.0000
76.8261 13.0000
76.8344 14.0000
76.8426 15.0000
76.8509  8.0000
76.8591 10.0000
76.8674 13.0000
76.8757 15.0000
76.8839  7.0000
76.8922 13.0000
76.9004 10.0000
76.9087  9.0000
76.9170 13.0000
76.9252 14.0000
76.9335 14.0000
76.9417 10.0000
76.9500 18.0000
76.9583  9.0000
76.9665 14.0000
76.9748  8.0000
76.9830 10.0000
76.9913 12.0000
76.9996  9.0000
77.0078  9.0000
77.0161  5.0000
77.0243 14.0000
77.0326 11.0000
77.0409  8.0000
77.0491  6.0000
77.0574 11.0000
77.0656 11.0000
77.0739  4.0000
77.0822 10.0000
77.0904 14.0000
77.0987 14.0000
77.1069  6.0000
77.1152 11.0000
77.1235  5.0000
77.1317  8.0000
77.1400 12.0000
77.1482  9.0000
77.1565  7.0000
77.1648  8.0000
77.1730  6.0000
77.1813  9.0000
77.1895  7.0000
77.1978 13.0000
77.2061 10.0000
77.2143  3.0000
77.2226  8.0000
77.2308  5.0000
77.2391  3.0000
77.2474  6.0000
77.2556  7.0000
77.2639  3.0000
77.2721  3.0000
77.2804  2.0000
77.2887  7.0000
77.2969  6.0000
77.3052  3.0000
77.3134  2.0000
77.3217  4.0000
77.3300  2.0000
77.3382  3.0000
77.3465  0.0000
77.3547  3.0000
77.3630  2.0000
77.3713  2.0000
77.3795  2.0000
77.3878  2.0000
77.3960  3.0000
77.4043  1.0000
77.4126  4.0000
77.4208  3.0000
77.4291  3.0000
77.4373  3.0000
77.4456  1.0000
77.4539  3.0000
77.4621  2.0000
77.4704  3.0000
77.4786  2.0000
77.4869  0.0000
77.4952  2.0000
77.5034  2.0000
77.5117  1.0000
77.5199  5.0000
77.5282  1.0000
77.5365  0.0000
77.5447  1.0000
77.5530  0.0000
77.5612  3.0000
77.5695  2.0000
77.5778  3.0000
77.5860  1.0000
77.5943  1.0000
77.6025  0.0000
77.6108  1.0000
77.6191  4.0000
77.6273  0.0000
77.6356  3.0000
77.6438  1.0000
77.6521  1.0000
77.6604  2.0000
77.6686  1.0000
77.6769  1.0000
77.6851  1.0000
77.6934  0.0000
77.7017  1.0000
77.7099  0.0000
77.7182  1.0000
77.7264  0.0000
77.7347  0.0000
77.7430  0.0000
77.7512  0.0000
77.7595  2.0000
77.7677  0.0000
77.7760  1.0000
77.7843  2.0000
77.7925  1.0000
77.8008  0.0000
77.8090  2.0000
77.8173  0.0000
77.8256  2.0000
77.8338  0.0000
77.8421  0.0000
77.8503  1.0000
77.8586  1.0000
77.8669  4.0000
77.8751  0.0000
77.8834  2.0000
77.8916  0.0000
77.8999  0.0000
77.9082  2.0000
77.9164  2.0000
77.9247  1.0000
77.9329  1.0000
77.9412  1.0000
77.9495  0.0000
77.9577  0.0000
77.9660  0.0000
77.9742  2.0000
77.9825  3.0000
77.9908  0.0000
77.9990  0.0000
78.0073  1.0000
78.0155  3.0000
78.0238  1.0000
78.0321  1.0000
78.0403  0.0000
78.0486  1.0000
78.0568  0.0000
78.0651  0.0000
78.0734  0.0000
78.0816  1.0000
78.0899  1.0000
78.0981  0.0000
78.1064  1.0000
78.1147  1.0000
78.1229  0.0000
78.1312  0.0000
78.1394  2.0000
78.1477  2.0000
78.1560  0.0000
78.1642  0.0000
78.1725  3.0000
78.1807  1.0000
78.1890  1.0000
78.1973  0.0000
78.2055  0.0000
78.2138  1.0000
78.2220  0.0000
78.2303  3.0000
78.2386  1.0000
78.2468  0.0000
78.2551  0.0000
78.2633  0.0000
78.2716  1.0000
78.2799  0.0000
78.2881  1.0000
78.2964  1.0000
78.3046  0.0000
78.3129  0.0000
78.3212  1.0000
78.3294  0.0000
78.3377  1.0000
78.3459  1.0000
78.3542  0.0000
78.3625  0.0000
78.3707  0.0000
78.3790  1.0000
78.3872  0.0000
78.3955  0.0000
78.4038  1.0000
78.4120  0.0000
78.4203  2.0000
78.4285  0.0000
78.4368  0.0000
78.4451  1.0000
78.4533  0.0000
78.4616  1.0000
78.4698  0.0000
78.4781  0.0000
78.4864  0.0000
78.4946  0.0000
78.5029  0.0000
78.5111  0.0000
78.5194  0.0000
78.5277  0.0000
78.5359  0.0000
78.5442  0.0000
78.5524  0.0000
78.5607  0.0000
78.5690  1.0000
78.5772  1.0000
78.5855  1.0000
78.5937  0.0000
78.6020  0.0000
78.6103  0.0000
78.6185  0.0000
78.6268  0.0000
78.6350  0.0000
78.6433  0.0000
78.6516  1.0000
78.6598  1.0000
78.6681  1.0000
78.6763  1.0000
78.6846  0.0000
78.6929  0.0000
78.7011  0.0000
78.7094  0.0000
78.7176  0.0000
78.7259  0.0000
78.7342  0.0000
78.7424  0.0000
78.7507  0.0000
78.7589  0.0000
78.7672  0.0000
78.7755  0.0000
78.7837  2.0000
78.7920  0.0000
78.8002  2.0000
78.8085  1.0000
78.8168  0.0000
78.8250  1.0000
78.8333  1.0000
