82.1363  0.2000
82.1446  0.0000
82.1528  0.0000
82.1611  0.0000
82.1694  0.0000
82.1776  0.0000
82.1859  0.2000
82.1941  0.0000
82.2024  0.2000
82.2107  0.2000
82.2189  0.4000
82.2272  0.0000
82.2354  0.4000
82.2437  1.0000
82.2520  0.2000
82.2602  0.2000
82.2685  0.6000
82.2767  0.6000
82.2850  0.4000
82.2933  0.6000
82.3015  0.4000
82.3098  0.8000
82.3180  0.0000
82.3263  0.6000
82.3346  0.8000
82.3428  1.0000
82.3511  0.4000
82.3593  0.0000
82.3676  0.6000
82.3759  0.0000
82.3841  0.0000
82.3924  0.8000
82.4006  0.4000
82.4089  0.4000
82.4172  1.2000
82.4254  0.8000
82.4337  0.6000
82.4419  0.4000
82.4502  0.8000
82.4585  0.0000
82.4667  0.0000
82.4750  0.8000
82.4832  0.6000
82.4915  0.2000
82.4998  0.2000
82.5080  0.2000
82.5163  0.0000
82.5245  0.4000
82.5328  1.0000
82.5411  0.6000
82.5493  0.2000
82.5576  0.2000
82.5658  0.6000
82.5741  0.4000
82.5824  0.6000
82.5906  0.8000
82.5989  0.8000
82.6071  1.0000
82.6154  0.4000
82.6237  1.0000
82.6319  0.4000
82.6402  1.0000
82.6484  0.6000
82.6567  0.8000
82.6650  0.4000
82.6732  1.0000
82.6815  0.4000
82.6897  0.0000
82.6980  1.0000
82.7063  0.4000
82.7145  0.6000
82.7228  0.2000
82.7310  1.0000
82.7393  0.2000
82.7476  1.0000
82.7558  1.2000
82.7641  0.2000
82.7723  0.2000
82.7806  0.6000
82.7889  0.4000
82.7971  0.8000
82.8054  1.0000
82.8136  0.6000
82.8219  0.6000
82.8302  0.4000
82.8384  0.6000
82.8467  1.0000
82.8549  0.8000
82.8632  1.2000
82.8715  0.6000
82.8797  0.2000
82.8880  0.4000
82.8962  0.4000
82.9045  0.4000
82.9128  0.6000
82.9210  0.4000
82.9293  1.0000
82.9375  0.6000
82.9458  0.8000
82.9541  0.4000
82.9623  1.2000
82.9706  0.0000
82.9788  0.6000
82.9871  0.2000
82.9954  0.2000
83.0036  1.0000
83.0119  0.4000
83.0201  1.2000
83.0284  1.2000
83.0367  0.0000
83.0449  0.4000
83.0532  1.0000
83.0614  0.8000
83.0697  1.0000
83.0780  0.4000
83.0862  1.2000
83.0945  0.8000
83.1027  0.6000
83.1110  1.0000
83.1193  0.8000
83.1275  0.4000
83.1358  0.8000
83.1440  0.8000
83.1523  1.2000
83.1606  0.8000
83.1688  1.2000
83.1771  0.4000
83.1853  0.4000
83.1936  0.2000
83.2019  1.2000
83.2101  0.6000
83.2184  0.8000
83.2266  1.2000
83.2349  0.8000
83.2432  1.4000
83.2514  0.4000
83.2597  0.6000
83.2679  0.2000
83.2762  0.2000
83.2845  0.6000
83.2927  1.4000
83.3010  0.6000
83.3092  0.2000
83.3175  0.4000
83.3258  0.4000
83.3340  0.8000
83.3423  0.4000
83.3505  0.4000
83.3588  1.4000
83.3671  0.4000
83.3753  0.2000
83.3836  1.2000
83.3918  1.2000
83.4001  0.2000
83.4084  1.4000
83.4166  0.6000
83.4249  1.2000
83.4331  1.0000
83.4414  0.4000
83.4497  0.2000
83.4579  0.8000
83.4662  0.4000
83.4744  0.8000
83.4827  1.8000
83.4910  0.2000
83.4992  1.0000
83.5075  0.8000
83.5157  1.4000
83.5240  0.6000
83.5323  0.0000
83.5405  1.0000
83.5488  1.2000
83.5570  1.6000
83.5653  0.6000
83.5736  0.6000
83.5818  1.8000
83.5901  1.0000
83.5983  0.8000
83.6066  0.6000
83.6149  1.0000
83.6231  1.2000
83.6314  0.2000
83.6396  0.8000
83.6479  1.0000
83.6562  0.4000
83.6644  0.6000
83.6727  0.4000
83.6809  0.4000
83.6892  1.4000
83.6975  1.2000
83.7057  1.2000
83.7140  1.0000
83.7222  1.4000
83.7305  0.4000
83.7388  0.8000
83.7470  1.2000
83.7553  0.8000
83.7635  0.2000
83.7718  1.2000
83.7801  0.8000
83.7883  1.8000
83.7966  1.6000
83.8048  1.4000
83.8131  0.6000
83.8214  0.8000
83.8296  0.8000
83.8379  1.2000
83.8461  0.4000
83.8544  1.4000
83.8627  1.6000
83.8709  1.6000
83.8792  2.8000
83.8874  1.0000
83.8957  1.4000
83.9040  3.8000
83.9122  1.2000
83.9205  1.8000
83.9287  1.6000
83.9370  1.6000
83.9453  2.0000
83.9535  3.0000
83.9618  3.0000
83.9700  3.2000
83.9783  2.6000
83.9866  1.8000
83.9948  3.6000
84.0031  3.4000
84.0113  2.8000
84.0196  3.6000
84.0279  3.0000
84.0361  3.0000
84.0444  3.2000
84.0526  4.4000
84.0609  4.8000
84.0692  3.0000
84.0774  5.6000
84.0857  4.8000
84.0939  5.2000
84.1022  5.6000
84.1105  3.8000
84.1187  4.4000
84.1270  7.0000
84.1352  6.0000
84.1435  6.6000
84.1518  5.6000
84.1600  6.0000
84.1683  6.6000
84.1765  6.6000
84.1848  7.0000
84.1931  5.2000
84.2013  8.2000
84.2096  7.8000
84.2178  4.4000
84.2261  7.2000
84.2344  7.6000
84.2426  6.6000
84.2509  6.0000
84.2591  5.8000
84.2674  8.0000
84.2757  9.2000
84.2839  6.6000
84.2922  8.8000
84.3004  7.6000
84.3087  6.4000
84.3170  9.0000
84.3252  8.2000
84.3335  7.2000
84.3417  7.6000
84.3500  5.0000
84.3583  8.2000
84.3665  8.4000
84.3748  9.8000
84.3830  6.6000
84.3913  5.4000
84.3996  5.6000
84.4078  8.2000
84.4161  7.2000
84.4243  6.6000
84.4326  6.8000
84.4409  5.8000
84.4491  8.0000
84.4574  5.0000
84.4656  5.8000
84.4739  7.4000
84.4822  7.0000
84.4904  6.8000
84.4987  5.6000
84.5069  4.8000
84.5152  4.0000
84.5235  6.2000
84.5317  3.6000
84.5400  3.8000
84.5482  2.8000
84.5565  3.8000
84.5648  2.6000
84.5730  3.0000
84.5813  3.0000
84.5895  3.2000
84.5978  4.4000
84.6061  1.8000
84.6143  3.2000
84.6226  2.4000
84.6308  2.6000
84.6391  2.8000
84.6474  3.4000
84.6556  3.0000
84.6639  1.6000
84.6721  2.2000
84.6804  2.0000
84.6887  2.6000
84.6969  2.4000
84.7052  2.0000
84.7134  2.2000
84.7217  2.0000
84.7300  2.0000
84.7382  1.0000
84.7465  1.4000
84.7547  1.8000
84.7630  2.2000
84.7713  2.0000
84.7795  1.6000
84.7878  2.0000
84.7960  1.4000
84.8043  1.6000
84.8126  1.4000
84.8208  1.4000
84.8291  1.0000
84.8373  1.2000
84.8456  1.0000
84.8539  1.0000
84.8621  1.0000
84.8704  1.2000
84.8786  0.4000
84.8869  0.6000
84.8952  1.6000
84.9034  2.2000
84.9117  0.8000
84.9199  1.0000
84.9282  0.8000
84.9365  0.4000
84.9447  1.0000
84.9530  1.6000
84.9612  1.4000
84.9695  0.8000
84.9778  1.6000
84.9860  0.2000
84.9943  1.0000
85.0025  1.4000
85.0108  0.8000
85.0191  1.2000
85.0273  1.6000
85.0356  1.2000
85.0438  1.4000
85.0521  1.0000
85.0604  0.8000
85.0686  0.4000
85.0769  0.4000
85.0851  0.8000
85.0934  0.6000
85.1017  0.6000
85.1099  1.4000
85.1182  0.8000
85.1264  0.2000
85.1347  0.4000
85.1430  0.6000
85.1512  0.4000
85.1595  0.6000
85.1677  0.8000
85.1760  0.2000
85.1843  0.4000
85.1925  1.0000
85.2008  0.8000
85.2090  0.4000
85.2173  0.6000
85.2256  0.2000
85.2338  0.2000
85.2421  0.8000
85.2503  0.4000
85.2586  1.0000
85.2669  1.2000
85.2751  0.6000
85.2834  1.2000
85.2916  0.6000
85.2999  0.6000
85.3082  0.4000
85.3164  1.0000
85.3247  0.2000
85.3329  0.6000
85.3412  1.4000
85.3495  0.6000
85.3577  0.8000
85.3660  0.8000
85.3742  0.4000
85.3825  0.2000
85.3908  0.4000
85.3990  0.0000
85.4073  0.6000
85.4155  0.8000
85.4238  0.8000
85.4321  0.4000
85.4403  1.0000
85.4486  0.2000
85.4568  0.4000
85.4651  1.4000
85.4734  1.4000
85.4816  0.4000
85.4899  0.8000
85.4981  0.8000
85.5064  0.8000
85.5147  1.2000
85.5229  1.0000
85.5312  0.4000
85.5394  0.8000
85.5477  0.6000
85.5560  0.6000
85.5642  0.8000
85.5725  0.4000
85.5807  0.4000
85.5890  0.2000
85.5973  0.6000
85.6055  0.6000
85.6138  0.0000
85.6220  1.2000
85.6303  0.0000
85.6386  0.6000
85.6468  1.0000
85.6551  0.4000
85.6633  0.2000
85.6716  1.0000
85.6799  1.2000
85.6881  0.4000
85.6964  0.6000
85.7046  0.4000
85.7129  0.8000
85.7212  0.6000
85.7294  0.4000
85.7377  0.0000
85.7459  0.0000
85.7542  0.0000
85.7625  0.2000
85.7707  0.6000
85.7790  0.4000
85.7872  0.2000
85.7955  1.2000
85.8038  0.6000
85.8120  0.6000
85.8203  1.6000
85.8285  1.2000
85.8368  0.4000
85.8451  0.8000
85.8533  0.6000
85.8616  0.4000
85.8698  0.6000
85.8781  0.2000
85.8864  0.2000
85.8946  0.2000
85.9029  0.0000
85.9111  0.4000
85.9194  0.0000
85.9277  0.2000
85.9359  0.2000
85.9442  0.2000
85.9524  0.4000
85.9607  1.0000
85.9690  0.6000
85.9772  0.4000
85.9855  0.2000
85.9937  0.6000
86.0020  1.0000
86.0103  0.2000
86.0185  1.0000
86.0268  0.6000
86.0350  0.0000
86.0433  0.0000
86.0516  0.2000
86.0598  0.6000
86.0681  0.6000
86.0763  0.8000
86.0846  0.4000
86.0929  0.2000
86.1011  0.2000
86.1094  0.2000
86.1176  0.2000
86.1259  0.2000
86.1342  0.4000
86.1424  0.2000
86.1507  0.4000
86.1589  0.6000
86.1672  0.2000
86.1755  0.4000
86.1837  0.4000
86.1920  0.4000
86.2002  0.4000
86.2085  0.4000
86.2168  0.4000
86.2250  0.2000
86.2333  0.0000
86.2415  0.2000
86.2498  0.0000
86.2581  0.4000
86.2663  0.2000
86.2746  0.2000
86.2828  0.2000
86.2911  0.0000
86.2994  0.0000
86.3076  0.0000
86.3159  0.2000
