89.5694  1.0000
89.5776  0.0000
89.5859  0.0000
89.5941  0.0000
89.6024  0.0000
89.6107  2.0000
89.6189  2.0000
89.6272  0.0000
89.6354  1.0000
89.6437  0.0000
89.6520  1.0000
89.6602  0.0000
89.6685  0.0000
89.6767  0.0000
89.6850  2.0000
89.6933  0.0000
89.7015  0.0000
89.7098  2.0000
89.7180  0.0000
89.7263  1.0000
89.7346  2.0000
89.7428  2.0000
89.7511  2.0000
89.7593  0.0000
89.7676  3.0000
89.7759  1.0000
89.7841  4.0000
89.7924  0.0000
89.8006  1.0000
89.8089  0.0000
89.8172  1.0000
89.8254  1.0000
89.8337  3.0000
89.8419  0.0000
89.8502  0.0000
89.8585  0.0000
89.8667  0.0000
89.8750  1.0000
89.8832  1.0000
89.8915  1.0000
89.8998  1.0000
89.9080  2.0000
89.9163  1.0000
89.9245  1.0000
89.9328  0.0000
89.9411  1.0000
89.9493  1.0000
89.9576  0.0000
89.9658  0.0000
89.9741  0.0000
89.9824  2.0000
89.9906  2.0000
89.9989  2.0000
90.0071  2.0000
90.0154  1.0000
90.0237  0.0000
90.0319  3.0000
90.0402  0.0000
90.0484  2.0000
90.0567  2.0000
90.0650  1.0000
90.0732  1.0000
90.0815  0.0000
90.0897  3.0000
90.0980  0.0000
90.1063  1.0000
90.1145  1.0000
90.1228  2.0000
90.1310  3.0000
90.1393  2.0000
90.1476  6.0000
90.1558  1.0000
90.1641  2.0000
90.1723  1.0000
90.1806  0.0000
90.1889  3.0000
90.1971  1.0000
90.2054  1.0000
90.2136  3.0000
90.2219  1.0000
90.2302  1.0000
90.2384  2.0000
90.2467  0.0000
90.2549  2.0000
90.2632  0.0000
90.2715  4.0000
90.2797  3.0000
90.2880  2.0000
90.2962  0.0000
90.3045  2.0000
90.3128  1.0000
90.3210  2.0000
90.3293  2.0000
90.3375  1.0000
90.3458  4.0000
90.3541  5.0000
90.3623  0.0000
90.3706  0.0000
90.3788  1.0000
90.3871  2.0000
90.3954  0.0000
90.4036  1.0000
90.4119  3.0000
90.4201  1.0000
90.4284  2.0000
90.4367  2.0000
90.4449  3.0000
90.4532  2.0000
90.4614  0.0000
90.4697  2.0000
90.4780  4.0000
90.4862  2.0000
90.4945  3.0000
90.5027  2.0000
90.5110  1.0000
90.5193  2.0000
90.5275  2.0000
90.5358  4.0000
90.5440  2.0000
90.5523  3.0000
90.5606  1.0000
90.5688  3.0000
90.5771  2.0000
90.5853  1.0000
90.5936  5.0000
90.6019  1.0000
90.6101  1.0000
90.6184  4.0000
90.6266  2.0000
90.6349  4.0000
90.6432  1.0000
90.6514  2.0000
90.6597  3.0000
90.6679  1.0000
90.6762  1.0000
90.6845  3.0000
90.6927  4.0000
90.7010  4.0000
90.7092  3.0000
90.7175  3.0000
90.7258  2.0000
90.7340  3.0000
90.7423  6.0000
90.7505  3.0000
90.7588  2.0000
90.7671  3.0000
90.7753  1.0000
90.7836  5.0000
90.7918 10.0000
90.8001  1.0000
90.8084  3.0000
90.8166  6.0000
90.8249  3.0000
90.8331  0.0000
90.8414  5.0000
90.8497  3.0000
90.8579  0.0000
90.8662  4.0000
90.8744  4.0000
90.8827  7.0000
90.8910  6.0000
90.8992  3.0000
90.9075  5.0000
90.9157  4.0000
90.9240  6.0000
90.9323  2.0000
90.9405  4.0000
90.9488  2.0000
90.9570  4.0000
90.9653  5.0000
90.9736  2.0000
90.9818  4.0000
90.9901  3.0000
90.9983  3.0000
91.0066  3.0000
91.0149  3.0000
91.0231  5.0000
91.0314  9.0000
91.0396  7.0000
91.0479  4.0000
91.0562  1.0000
91.0644  8.0000
91.0727  6.0000
91.0809  2.0000
91.0892  4.0000
91.0975  2.0000
91.1057  1.0000
91.1140  5.0000
91.1222  8.0000
91.1305  4.0000
91.1388  7.0000
91.1470  4.0000
91.1553  6.0000
91.1635  6.0000
91.1718  4.0000
91.1801  6.0000
91.1883  3.0000
91.1966  5.0000
91.2048  6.0000
91.2131  6.0000
91.2214  8.0000
91.2296 10.0000
91.2379  5.0000
91.2461  3.0000
91.2544  6.0000
91.2627  5.0000
91.2709 12.0000
91.2792  9.0000
91.2874  5.0000
91.2957  9.0000
91.3040  9.0000
91.3122 11.0000
91.3205  8.0000
91.3287  6.0000
91.3370  7.0000
91.3453 17.0000
91.3535 13.0000
91.3618  7.0000
91.3700 10.0000
91.3783  4.0000
91.3866 10.0000
91.3948  9.0000
91.4031  7.0000
91.4113  9.0000
91.4196 12.0000
91.4279  5.0000
91.4361  9.0000
91.4444  5.0000
91.4526  9.0000
91.4609 13.0000
91.4692 10.0000
91.4774  9.0000
91.4857  6.0000
91.4939 13.0000
91.5022 12.0000
91.5105 10.0000
91.5187 22.0000
91.5270  8.0000
91.5352 12.0000
91.5435 11.0000
91.5518 20.0000
91.5600 22.0000
91.5683 20.0000
91.5765 17.0000
91.5848 15.0000
91.5931 19.0000
91.6013 11.0000
91.6096 18.0000
91.6178 20.0000
91.6261 17.0000
91.6344 19.0000
91.6426 22.0000
91.6509 15.0000
91.6591 12.0000
91.6674 20.0000
91.6757 20.0000
91.6839 13.0000
91.6922 31.0000
91.7004 26.0000
91.7087 29.0000
91.7170 29.0000
91.7252 33.0000
91.7335 23.0000
91.7417 27.0000
91.7500 36.0000
91.7583 32.0000
91.7665 31.0000
91.7748 39.0000
91.7830 27.0000
91.7913 51.0000
91.7996 32.0000
91.8078 31.0000
91.8161 43.0000
91.8243 39.0000
91.8326 52.0000
91.8409 37.0000
91.8491 48.0000
91.8574 32.0000
91.8656 47.0000
91.8739 50.0000
91.8822 40.0000
91.8904 39.0000
91.8987 40.0000
91.9069 52.0000
91.9152 41.0000
91.9235 41.0000
91.9317 39.0000
91.9400 44.0000
91.9482 50.0000
91.9565 62.0000
91.9648 44.0000
91.9730 47.0000
91.9813 46.0000
91.9895 52.0000
91.9978 54.0000
92.0061 59.0000
92.0143 50.0000
92.0226 50.0000
92.0308 50.0000
92.0391 51.0000
92.0474 56.0000
92.0556 39.0000
92.0639 48.0000
92.0721 49.0000
92.0804 48.0000
92.0887 39.0000
92.0969 59.0000
92.1052 49.0000
92.1134 50.0000
92.1217 43.0000
92.1300 41.0000
92.1382 49.0000
92.1465 45.0000
92.1547 45.0000
92.1630 49.0000
92.1713 42.0000
92.1795 48.0000
92.1878 35.0000
92.1960 37.0000
92.2043 29.0000
92.2126 40.0000
92.2208 35.0000
92.2291 38.0000
92.2373 42.0000
92.2456 33.0000
92.2539 33.0000
92.2621 39.0000
92.2704 43.0000
92.2786 31.0000
92.2869 26.0000
92.2952 33.0000
92.3034 32.0000
92.3117 19.0000
92.3199 30.0000
92.3282 28.0000
92.3365 18.0000
92.3447 19.0000
92.3530 26.0000
92.3612 21.0000
92.3695 28.0000
92.3778 26.0000
92.3860 24.0000
92.3943 21.0000
92.4025 19.0000
92.4108 19.0000
92.4191 14.0000
92.4273 15.0000
92.4356  5.0000
92.4438 14.0000
92.4521 16.0000
92.4604 20.0000
92.4686 18.0000
92.4769 13.0000
92.4851 10.0000
92.4934 13.0000
92.5017 15.0000
92.5099 10.0000
92.5182 14.0000
92.5264  7.0000
92.5347  8.0000
92.5430  8.0000
92.5512  6.0000
92.5595  5.0000
92.5677 16.0000
92.5760  2.0000
92.5843 10.0000
92.5925  8.0000
92.6008  7.0000
92.6090 11.0000
92.6173  9.0000
92.6256  7.0000
92.6338  6.0000
92.6421  4.0000
92.6503  3.0000
92.6586  4.0000
92.6669  6.0000
92.6751  3.0000
92.6834 12.0000
92.6916  4.0000
92.6999  3.0000
92.7082  7.0000
92.7164  3.0000
92.7247  8.0000
92.7329  4.0000
92.7412  5.0000
92.7495  3.0000
92.7577  4.0000
92.7660  5.0000
92.7742  7.0000
92.7825  4.0000
92.7908  4.0000
92.7990  5.0000
92.8073  6.0000
92.8155  2.0000
92.8238  2.0000
92.8321  3.0000
92.8403  5.0000
92.8486  3.0000
92.8568  7.0000
92.8651  2.0000
92.8734  6.0000
92.8816  2.0000
92.8899  5.0000
92.8981  3.0000
92.9064  3.0000
92.9147  3.0000
92.9229  2.0000
92.9312  4.0000
92.9394  2.0000
92.9477  6.0000
92.9560  4.0000
92.9642  2.0000
92.9725  5.0000
92.9807  6.0000
92.9890  4.0000
92.9973  2.0000
93.0055  2.0000
93.0138  1.0000
93.0220  3.0000
93.0303  1.0000
93.0386  2.0000
93.0468  1.0000
93.0551  4.0000
93.0633  1.0000
93.0716  2.0000
93.0799  1.0000
93.0881  5.0000
93.0964  1.0000
93.1046  2.0000
93.1129  2.0000
93.1212  3.0000
93.1294  0.0000
93.1377  1.0000
93.1459  4.0000
93.1542  0.0000
93.1625  2.0000
93.1707  1.0000
93.1790  1.0000
93.1872  3.0000
93.1955  3.0000
93.2038  4.0000
93.2120  2.0000
93.2203  2.0000
93.2285  2.0000
93.2368  3.0000
93.2451  3.0000
93.2533  1.0000
93.2616  2.0000
93.2698  1.0000
93.2781  2.0000
93.2864  2.0000
93.2946  4.0000
93.3029  0.0000
93.3111  1.0000
93.3194  2.0000
93.3277  2.0000
93.3359  1.0000
93.3442  0.0000
93.3524  1.0000
93.3607  1.0000
93.3690  3.0000
93.3772  2.0000
93.3855  0.0000
93.3937  0.0000
93.4020  0.0000
93.4103  4.0000
93.4185  2.0000
93.4268  3.0000
93.4350  1.0000
93.4433  1.0000
93.4516  2.0000
93.4598  2.0000
93.4681  1.0000
93.4763  1.0000
93.4846  1.0000
93.4929  2.0000
93.5011  1.0000
93.5094  1.0000
93.5176  0.0000
93.5259  1.0000
93.5342  2.0000
93.5424  1.0000
93.5507  0.0000
93.5589  0.0000
93.5672  1.0000
93.5755  0.0000
93.5837  0.0000
93.5920  0.0000
93.6002  0.0000
93.6085  0.0000
93.6168  0.0000
93.6250  1.0000
93.6333  1.0000
93.6415  1.0000
93.6498  1.0000
93.6581  1.0000
