74.8107  1.0000
74.8189  0.0000
74.8272  0.0000
74.8354  0.0000
74.8437  0.0000
74.8520  0.0000
74.8602  0.0000
74.8685  0.0000
74.8767  0.0000
74.8850  0.0000
74.8933  0.0000
74.9015  0.0000
74.9098  0.0000
74.9180  0.0000
74.9263  2.0000
74.9346  1.0000
74.9428  0.0000
74.9511  0.0000
74.9593  0.0000
74.9676  0.0000
74.9759  2.0000
74.9841  1.0000
74.9924  0.0000
75.0006  1.0000
75.0089  0.0000
75.0172  1.0000
75.0254  1.0000
75.0337  0.0000
75.0419  0.0000
75.0502  1.0000
75.0585  0.0000
75.0667  1.0000
75.0750  0.0000
75.0832  0.0000
75.0915  0.0000
75.0998  0.0000
75.1080  1.0000
75.1163  1.0000
75.1245  0.0000
75.1328  0.0000
75.1411  0.0000
75.1493  1.0000
75.1576  0.0000
75.1658  0.0000
75.1741  0.0000
75.1824  1.0000
75.1906  1.0000
75.1989  3.0000
75.2071  0.0000
75.2154  1.0000
75.2237  0.0000
75.2319  0.0000
75.2402  0.0000
75.2484  2.0000
75.2567  2.0000
75.2650  0.0000
75.2732  0.0000
75.2815  0.0000
75.2897  0.0000
75.2980  0.0000
75.3063  1.0000
75.3145  0.0000
75.3228  0.0000
75.3310  0.0000
75.3393  1.0000
75.3476  2.0000
75.3558  0.0000
75.3641  1.0000
75.3723  0.0000
75.3806  0.0000
75.3889  0.0000
75.3971  0.0000
75.4054  0.0000
75.4136  0.0000
75.4219  1.0000
75.4302  0.0000
75.4384  0.0000
75.4467  1.0000
75.4549  1.0000
75.4632  1.0000
75.4715  1.0000
75.4797  1.0000
75.4880  0.0000
75.4962  1.0000
75.5045  1.0000
75.5128  1.0000
75.5210  0.0000
75.5293  1.0000
75.5375  0.0000
75.5458  2.0000
75.5541  0.0000
75.5623  0.0000
75.5706  2.0000
75.5788  0.0000
75.5871  1.0000
75.5954  0.0000
75.6036  2.0000
75.6119  0.0000
75.6201  0.0000
75.6284  1.0000
75.6367  1.0000
75.6449  0.0000
75.6532  0.0000
75.6614  0.0000
75.6697  0.0000
75.6780  0.0000
75.6862  2.0000
75.6945  0.0000
75.7027  0.0000
75.7110  1.0000
75.7193  1.0000
75.7275  0.0000
75.7358  0.0000
75.7440  2.0000
75.7523  0.0000
75.7606  1.0000
75.7688  0.0000
75.7771  0.0000
75.7853  0.0000
75.7936  2.0000
75.8019  1.0000
75.8101  1.0000
75.8184  1.0000
75.8266  0.0000
75.8349  0.0000
75.8432  2.0000
75.8514  0.0000
75.8597  0.0000
75.8679  2.0000
75.8762  0.0000
75.8845  0.0000
75.8927  1.0000
75.9010  0.0000
75.9092  0.0000
75.9175  0.0000
75.9258  0.0000
75.9340  1.0000
75.9423  0.0000
75.9505  1.0000
75.9588  0.0000
75.9671  2.0000
75.9753  0.0000
75.9836  1.0000
75.9918  0.0000
76.0001  1.0000
76.0084  2.0000
76.0166  0.0000
76.0249  0.0000
76.0331  0.0000
76.0414  0.0000
76.0497  0.0000
76.0579  1.0000
76.0662  1.0000
76.0744  0.0000
76.0827  1.0000
76.0910  2.0000
76.0992  0.0000
76.1075  2.0000
76.1157  0.0000
76.1240  1.0000
76.1323  3.0000
76.1405  1.0000
76.1488  1.0000
76.1570  1.0000
76.1653  0.0000
76.1736  0.0000
76.1818  1.0000
76.1901  4.0000
76.1983  2.0000
76.2066  0.0000
76.2149  3.0000
76.2231  3.0000
76.2314  0.0000
76.2396  0.0000
76.2479  2.0000
76.2562  0.0000
76.2644  2.0000
76.2727  0.0000
76.2809  1.0000
76.2892  3.0000
76.2975  1.0000
76.3057  0.0000
76.3140  4.0000
76.3222  4.0000
76.3305  1.0000
76.3388  1.0000
76.3470  0.0000
76.3553  1.0000
76.3635  0.0000
76.3718  2.0000
76.3801  2.0000
76.3883  0.0000
76.3966  1.0000
76.4048  1.0000
76.4131  1.0000
76.4214  5.0000
76.4296  2.0000
76.4379  4.0000
76.4461  2.0000
76.4544  5.0000
76.4627  6.0000
76.4709  2.0000
76.4792  1.0000
76.4874  6.0000
76.4957  3.0000
76.5040  3.0000
76.5122  5.0000
76.5205  6.0000
76.5287  6.0000
76.5370  8.0000
76.5453  4.0000
76.5535  8.0000
76.5618  7.0000
76.5700 10.0000
76.5783  7.0000
76.5866  9.0000
76.5948  8.0000
76.6031 11.0000
76.6113 17.0000
76.6196 19.0000
76.6279 12.0000
76.6361 15.0000
76.6444 23.0000
76.6526 14.0000
76.6609 15.0000
76.6692 17.0000
76.6774 17.0000
76.6857 27.0000
76.6939 22.0000
76.7022 23.0000
76.7105 26.0000
76.7187 27.0000
76.7270 23.0000
76.7352 31.0000
76.7435 23.0000
76.7518 29.0000
76.7600 24.0000
76.7683 22.0000
76.7765 28.0000
76.7848 21.0000
76.7931 33.0000
76.8013 23.0000
76.8096 21.0000
76.8178 31.0000
76.8261 22.0000
76.8344 30.0000
76.8426 25.0000
76.8509 25.0000
76.8591 26.0000
76.8674 20.0000
76.8757 30.0000
76.8839 21.0000
76.8922 24.0000
76.9004 27.0000
76.9087 15.0000
76.9170 11.0000
76.9252 22.0000
76.9335 13.0000
76.9417 13.0000
76.9500 11.0000
76.9583 17.0000
76.9665 10.0000
76.9748 13.0000
76.9830 12.0000
76.9913  7.0000
76.9996 11.0000
77.0078 11.0000
77.0161 10.0000
77.0243  9.0000
77.0326  7.0000
77.0409  9.0000
77.0491  8.0000
77.0574  5.0000
77.0656  5.0000
77.0739  8.0000
77.0822  3.0000
77.0904  3.0000
77.0987  2.0000
77.1069  1.0000
77.1152  0.0000
77.1235  1.0000
77.1317  1.0000
77.1400  0.0000
77.1482  2.0000
77.1565  3.0000
77.1648  2.0000
77.1730  3.0000
77.1813  5.0000
77.1895  0.0000
77.1978  4.0000
77.2061  3.0000
77.2143  1.0000
77.2226  0.0000
77.2308  1.0000
77.2391  1.0000
77.2474  1.0000
77.2556  3.0000
77.2639  1.0000
77.2721  1.0000
77.2804  0.0000
77.2887  2.0000
77.2969  1.0000
77.3052  2.0000
77.3134  0.0000
77.3217  0.0000
77.3300  0.0000
77.3382  5.0000
77.3465  3.0000
77.3547  0.0000
77.3630  2.0000
77.3713  4.0000
77.3795  0.0000
77.3878  0.0000
77.3960  4.0000
77.4043  2.0000
77.4126  2.0000
77.4208  0.0000
77.4291  0.0000
77.4373  0.0000
77.4456  0.0000
77.4539  2.0000
77.4621  1.0000
77.4704  2.0000
77.4786  1.0000
77.4869  1.0000
77.4952  0.0000
77.5034  0.0000
77.5117  1.0000
77.5199  1.0000
77.5282  0.0000
77.5365  1.0000
77.5447  1.0000
77.5530  1.0000
77.5612  2.0000
77.5695  0.0000
77.5778  0.0000
77.5860  0.0000
77.5943  0.0000
77.6025  1.0000
77.6108  0.0000
77.6191  1.0000
77.6273  1.0000
77.6356  0.0000
77.6438  0.0000
77.6521  1.0000
77.6604  2.0000
77.6686  0.0000
77.6769  1.0000
77.6851  1.0000
77.6934  1.0000
77.7017  0.0000
77.7099  0.0000
77.7182  1.0000
77.7264  2.0000
77.7347  1.0000
77.7430  0.0000
77.7512  2.0000
77.7595  0.0000
77.7677  1.0000
77.7760  0.0000
77.7843  2.0000
77.7925  3.0000
77.8008  2.0000
77.8090  0.0000
77.8173  0.0000
77.8256  1.0000
77.8338  1.0000
77.8421  0.0000
77.8503  2.0000
77.8586  0.0000
77.8669  0.0000
77.8751  1.0000
77.8834  0.0000
77.8916  0.0000
77.8999  1.0000
77.9082  0.0000
77.9164  2.0000
77.9247  1.0000
77.9329  1.0000
77.9412  0.0000
77.9495  0.0000
77.9577  2.0000
77.9660  1.0000
77.9742  0.0000
77.9825  1.0000
77.9908  0.0000
77.9990  0.0000
78.0073  1.0000
78.0155  1.0000
78.0238  0.0000
78.0321  0.0000
78.0403  0.0000
78.0486  0.0000
78.0568  1.0000
78.0651  0.0000
78.0734  1.0000
78.0816  1.0000
78.0899  1.0000
78.0981  1.0000
78.1064  0.0000
78.1147  0.0000
78.1229  0.0000
78.1312  0.0000
78.1394  0.0000
78.1477  0.0000
78.1560  0.0000
78.1642  1.0000
78.1725  0.0000
78.1807  0.0000
78.1890  0.0000
78.1973  0.0000
78.2055  0.0000
78.2138  1.0000
78.2220  1.0000
78.2303  1.0000
78.2386  0.0000
78.2468  2.0000
78.2551  2.0000
78.2633  0.0000
78.2716  0.0000
78.2799  0.0000
78.2881  1.0000
78.2964  2.0000
78.3046  1.0000
78.3129  1.0000
78.3212  0.0000
78.3294  0.0000
78.3377  3.0000
78.3459  1.0000
78.3542  0.0000
78.3625  1.0000
78.3707  0.0000
78.3790  0.0000
78.3872  0.0000
78.3955  0.0000
78.4038  0.0000
78.4120  1.0000
78.4203  0.0000
78.4285  1.0000
78.4368  1.0000
78.4451  2.0000
78.4533  1.0000
78.4616  0.0000
78.4698  1.0000
78.4781  4.0000
78.4864  1.0000
78.4946  2.0000
78.5029  2.0000
78.5111  0.0000
78.5194  0.0000
78.5277  0.0000
78.5359  1.0000
78.5442  0.0000
78.5524  1.0000
78.5607  0.0000
78.5690  0.0000
78.5772  1.0000
78.5855  0.0000
78.5937  0.0000
78.6020  0.0000
78.6103  0.0000
78.6185  0.0000
78.6268  0.0000
78.6350  0.0000
78.6433  0.0000
78.6516  0.0000
78.6598  1.0000
78.6681  0.0000
78.6763  0.0000
78.6846  2.0000
78.6929  1.0000
78.7011  0.0000
78.7094  0.0000
78.7176  0.0000
78.7259  0.0000
78.7342  2.0000
78.7424  0.0000
78.7507  0.0000
78.7589  1.0000
78.7672  1.0000
78.7755  0.0000
78.7837  0.0000
78.7920  0.0000
78.8002  0.0000
78.8085  0.0000
78.8168  0.0000
78.8250  0.0000
78.8333  1.0000
