39.1694  0.3333
39.1776  0.3333
39.1859  0.0000
39.1941  0.0000
39.2024  0.3333
39.2107  0.0000
39.2189  0.0000
39.2272  0.0000
39.2354  0.6667
39.2437  0.0000
39.2520  0.0000
39.2602  0.0000
39.2685  0.0000
39.2767  0.3333
39.2850  0.0000
39.2933  0.3333
39.3015  0.0000
39.3098  0.3333
39.3180  0.0000
39.3263  0.3333
39.3346  0.6667
39.3428  0.0000
39.3511  0.3333
39.3593  0.3333
39.3676  0.3333
39.3759  0.3333
39.3841  0.3333
39.3924  0.3333
39.4006  0.0000
39.4089  0.0000
39.4172  0.6667
39.4254  1.0000
39.4337  0.6667
39.4419  0.6667
39.4502  0.3333
39.4585  0.6667
39.4667  0.3333
39.4750  0.3333
39.4832  0.6667
39.4915  0.3333
39.4998  0.0000
39.5080  1.3333
39.5163  0.3333
39.5245  0.3333
39.5328  0.0000
39.5411  0.0000
39.5493  0.3333
39.5576  0.0000
39.5658  1.0000
39.5741  0.0000
39.5824  0.0000
39.5906  0.6667
39.5989  0.3333
39.6071  0.0000
39.6154  0.6667
39.6237  0.3333
39.6319  0.3333
39.6402  0.0000
39.6484  0.3333
39.6567  0.3333
39.6650  0.6667
39.6732  0.6667
39.6815  1.0000
39.6897  1.0000
39.6980  0.3333
39.7063  0.6667
39.7145  0.3333
39.7228  0.3333
39.7310  0.6667
39.7393  0.0000
39.7476  0.6667
39.7558  0.6667
39.7641  0.3333
39.7723  1.3333
39.7806  0.6667
39.7889  0.3333
39.7971  0.3333
39.8054  0.3333
39.8136  0.0000
39.8219  0.6667
39.8302  0.6667
39.8384  1.0000
39.8467  0.3333
39.8549  0.6667
39.8632  0.6667
39.8715  0.6667
39.8797  1.0000
39.8880  0.6667
39.8962  0.6667
39.9045  0.0000
39.9128  0.6667
39.9210  0.3333
39.9293  1.0000
39.9375  0.0000
39.9458  0.3333
39.9541  0.3333
39.9623  0.3333
39.9706  1.0000
39.9788  0.3333
39.9871  0.3333
39.9954  0.0000
40.0036  0.3333
40.0119  1.0000
40.0201  0.3333
40.0284  1.0000
40.0367  0.0000
40.0449  0.3333
40.0532  0.3333
40.0614  0.6667
40.0697  0.3333
40.0780  0.3333
40.0862  0.6667
40.0945  1.0000
40.1027  0.3333
40.1110  1.0000
40.1193  1.0000
40.1275  0.3333
40.1358  0.6667
40.1440  1.0000
40.1523  1.3333
40.1606  1.0000
40.1688  1.0000
40.1771  0.0000
40.1853  1.0000
40.1936  0.3333
40.2019  0.3333
40.2101  0.6667
40.2184  0.6667
40.2266  0.0000
40.2349  0.6667
40.2432  0.3333
40.2514  0.6667
40.2597  1.0000
40.2679  0.0000
40.2762  1.6667
40.2845  0.0000
40.2927  1.3333
40.3010  0.3333
40.3092  0.0000
40.3175  0.6667
40.3258  1.0000
40.3340  1.0000
40.3423  0.6667
40.3505  0.6667
40.3588  0.6667
40.3671  0.6667
40.3753  1.3333
40.3836  0.3333
40.3918  0.3333
40.4001  0.3333
40.4084  0.6667
40.4166  1.3333
40.4249  0.6667
40.4331  1.0000
40.4414  1.0000
40.4497  1.3333
40.4579  0.6667
40.4662  1.3333
40.4744  1.3333
40.4827  1.6667
40.4910  1.0000
40.4992  2.0000
40.5075  1.3333
40.5157  2.0000
40.5240  0.3333
40.5323  1.3333
40.5405  3.0000
40.5488  2.0000
40.5570  1.0000
40.5653  0.3333
40.5736  3.6667
40.5818  3.0000
40.5901  3.3333
40.5983  2.0000
40.6066  3.6667
40.6149  2.3333
40.6231  4.3333
40.6314  1.6667
40.6396  2.3333
40.6479  3.6667
40.6562  3.3333
40.6644  3.6667
40.6727  5.0000
40.6809  5.3333
40.6892  2.3333
40.6975  5.3333
40.7057  7.6667
40.7140  4.6667
40.7222  5.0000
40.7305  9.6667
40.7388  8.3333
40.7470  8.0000
40.7553  7.3333
40.7635  7.3333
40.7718  7.6667
40.7801 13.3333
40.7883 10.6667
40.7966  9.3333
40.8048  9.3333
40.8131 12.6667
40.8214  7.0000
40.8296 10.6667
40.8379 10.3333
40.8461 12.0000
40.8544 11.0000
40.8627  9.6667
40.8709 12.3333
40.8792 10.6667
40.8874 10.0000
40.8957 10.0000
40.9040 12.3333
40.9122 12.3333
40.9205  8.3333
40.9287  6.3333
40.9370  7.6667
40.9453 14.0000
40.9535  6.3333
40.9618  8.0000
40.9700  9.3333
40.9783  9.6667
40.9866  9.0000
40.9948  5.6667
41.0031  4.0000
41.0113  4.6667
41.0196  2.6667
41.0279  4.6667
41.0361  5.6667
41.0444  3.3333
41.0526  4.6667
41.0609  4.6667
41.0692  5.0000
41.0774  4.0000
41.0857  2.3333
41.0939  2.3333
41.1022  2.3333
41.1105  3.6667
41.1187  1.3333
41.1270  1.6667
41.1352  0.6667
41.1435  1.6667
41.1518  1.3333
41.1600  2.6667
41.1683  0.0000
41.1765  2.0000
41.1848  1.3333
41.1931  1.3333
41.2013  0.6667
41.2096  1.3333
41.2178  2.0000
41.2261  1.3333
41.2344  1.6667
41.2426  1.3333
41.2509  2.3333
41.2591  3.0000
41.2674  1.3333
41.2757  1.3333
41.2839  1.3333
41.2922  1.6667
41.3004  2.0000
41.3087  1.6667
41.3170  0.6667
41.3252  1.6667
41.3335  2.6667
41.3417  2.6667
41.3500  3.3333
41.3583  2.3333
41.3665  2.3333
41.3748  1.3333
41.3830  3.6667
41.3913  3.0000
41.3996  2.0000
41.4078  1.6667
41.4161  2.6667
41.4243  2.3333
41.4326  2.3333
41.4409  2.6667
41.4491  2.3333
41.4574  2.6667
41.4656  1.0000
41.4739  2.3333
41.4822  3.6667
41.4904  1.0000
41.4987  3.3333
41.5069  3.6667
41.5152  3.3333
41.5235  2.3333
41.5317  2.3333
41.5400  5.0000
41.5482  3.3333
41.5565  3.0000
41.5648  5.3333
41.5730  4.6667
41.5813  6.0000
41.5895  5.3333
41.5978  6.3333
41.6061  5.3333
41.6143  7.6667
41.6226  7.6667
41.6308 10.6667
41.6391  9.3333
41.6474 12.6667
41.6556 13.0000
41.6639 19.0000
41.6721 17.0000
41.6804 18.3333
41.6887 25.3333
41.6969 25.0000
41.7052 33.3333
41.7134 30.0000
41.7217 31.6667
41.7300 30.0000
41.7382 36.3333
41.7465 36.6667
41.7547 48.0000
41.7630 49.6667
41.7713 51.3333
41.7795 65.0000
41.7878 68.3333
41.7960 63.6667
41.8043 73.3333
41.8126 79.0000
41.8208 96.3333
41.8291 87.6667
41.8373 87.6667
41.8456 100.6667
41.8539 109.3333
41.8621 107.6667
41.8704 115.0000
41.8786 126.0000
41.8869 121.0000
41.8952 118.0000
41.9034 121.0000
41.9117 123.6667
41.9199 128.0000
41.9282 117.0000
41.9365 123.0000
41.9447 132.6667
41.9530 126.0000
41.9612 127.0000
41.9695 109.0000
41.9778 110.0000
41.9860 95.0000
41.9943 92.6667
42.0025 95.6667
42.0108 77.6667
42.0191 67.6667
42.0273 72.3333
42.0356 57.3333
42.0438 49.3333
42.0521 47.3333
42.0604 41.3333
42.0686 40.6667
42.0769 30.0000
42.0851 27.3333
42.0934 30.0000
42.1017 27.0000
42.1099 20.3333
42.1182 16.3333
42.1264 16.3333
42.1347 15.3333
42.1430  9.3333
42.1512 12.0000
42.1595 10.0000
42.1677  8.0000
42.1760  8.3333
42.1843  7.0000
42.1925  6.6667
42.2008  7.0000
42.2090  3.3333
42.2173  7.0000
42.2256  5.3333
42.2338  3.3333
42.2421  3.6667
42.2503  2.3333
42.2586  2.6667
42.2669  3.3333
42.2751  2.0000
42.2834  3.6667
42.2916  3.0000
42.2999  2.3333
42.3082  2.0000
42.3164  2.3333
42.3247  3.0000
42.3329  2.6667
42.3412  2.3333
42.3495  1.3333
42.3577  4.0000
42.3660  2.6667
42.3742  1.3333
42.3825  1.3333
42.3908  1.3333
42.3990  2.3333
42.4073  2.0000
42.4155  1.0000
42.4238  1.6667
42.4321  0.6667
42.4403  1.6667
42.4486  2.6667
42.4568  1.3333
42.4651  0.6667
42.4734  1.0000
42.4816  1.6667
42.4899  0.6667
42.4981  1.6667
42.5064  2.6667
42.5147  1.3333
42.5229  4.3333
42.5312  0.3333
42.5394  2.3333
42.5477  0.6667
42.5560  1.0000
42.5642  2.0000
42.5725  1.3333
42.5807  2.0000
42.5890  2.6667
42.5973  1.0000
42.6055  1.6667
42.6138  0.6667
42.6220  1.3333
42.6303  1.0000
42.6386  1.3333
42.6468  1.6667
42.6551  1.0000
42.6633  1.6667
42.6716  0.3333
42.6799  0.3333
42.6881  1.0000
42.6964  1.0000
42.7046  1.6667
42.7129  1.3333
42.7212  1.0000
42.7294  1.0000
42.7377  1.0000
42.7459  2.0000
42.7542  1.0000
42.7625  1.0000
42.7707  0.3333
42.7790  0.3333
42.7872  1.6667
42.7955  0.3333
42.8038  0.0000
42.8120  0.3333
42.8203  0.6667
42.8285  1.0000
42.8368  0.6667
42.8451  1.0000
42.8533  0.6667
42.8616  0.3333
42.8698  0.3333
42.8781  0.6667
42.8864  0.6667
42.8946  1.3333
42.9029  0.6667
42.9111  0.0000
42.9194  1.6667
42.9277  1.0000
42.9359  1.0000
42.9442  1.6667
42.9524  1.6667
42.9607  1.0000
42.9690  1.0000
42.9772  1.3333
42.9855  0.3333
42.9937  0.3333
43.0020  1.3333
43.0103  0.0000
43.0185  1.6667
43.0268  0.3333
43.0350  0.6667
43.0433  1.0000
43.0516  0.6667
43.0598  0.3333
43.0681  0.3333
43.0763  0.3333
43.0846  1.6667
43.0929  0.0000
43.1011  1.3333
43.1094  0.0000
43.1176  0.0000
43.1259  1.0000
43.1342  0.0000
43.1424  0.3333
43.1507  0.6667
43.1589  0.3333
43.1672  0.6667
43.1755  0.0000
43.1837  0.3333
43.1920  0.0000
43.2002  0.3333
43.2085  0.0000
43.2168  0.0000
43.2250  0.0000
43.2333  0.3333
43.2415  0.3333
