39.1694  0.3333
39.1776  0.0000
39.1859  0.0000
39.1941  0.0000
39.2024  0.6667
39.2107  0.3333
39.2189  0.3333
39.2272  0.0000
39.2354  0.0000
39.2437  0.0000
39.2520  0.3333
39.2602  0.0000
39.2685  0.3333
39.2767  0.0000
39.2850  0.3333
39.2933  0.3333
39.3015  0.0000
39.3098  0.0000
39.3180  0.0000
39.3263  0.6667
39.3346  0.0000
39.3428  0.3333
39.3511  0.3333
39.3593  0.6667
39.3676  0.3333
39.3759  0.3333
39.3841  0.3333
39.3924  0.0000
39.4006  0.3333
39.4089  0.0000
39.4172  0.0000
39.4254  0.6667
39.4337  0.3333
39.4419  0.0000
39.4502  0.0000
39.4585  0.0000
39.4667  0.0000
39.4750  0.0000
39.4832  0.6667
39.4915  0.0000
39.4998  0.3333
39.5080  0.3333
39.5163  0.3333
39.5245  0.0000
39.5328  0.3333
39.5411  0.0000
39.5493  0.3333
39.5576  0.0000
39.5658  0.3333
39.5741  0.6667
39.5824  0.3333
39.5906  0.3333
39.5989  0.6667
39.6071  0.3333
39.6154  0.3333
39.6237  0.0000
39.6319  0.3333
39.6402  0.3333
39.6484  0.0000
39.6567  0.0000
39.6650  0.6667
39.6732  0.6667
39.6815  0.0000
39.6897  1.0000
39.6980  0.0000
39.7063  0.0000
39.7145  0.6667
39.7228  0.3333
39.7310  0.6667
39.7393  0.0000
39.7476  0.3333
39.7558  0.3333
39.7641  0.3333
39.7723  0.3333
39.7806  0.0000
39.7889  0.6667
39.7971  1.3333
39.8054  0.0000
39.8136  1.0000
39.8219  0.3333
39.8302  0.3333
39.8384  0.0000
39.8467  1.3333
39.8549  0.6667
39.8632  0.6667
39.8715  1.6667
39.8797  1.0000
39.8880  1.0000
39.8962  0.3333
39.9045  1.0000
39.9128  1.0000
39.9210  1.0000
39.9293  1.3333
39.9375  0.6667
39.9458  0.6667
39.9541  0.6667
39.9623  0.3333
39.9706  0.6667
39.9788  0.3333
39.9871  0.3333
39.9954  0.3333
40.0036  1.3333
40.0119  0.3333
40.0201  0.6667
40.0284  0.6667
40.0367  1.0000
40.0449  1.3333
40.0532  1.3333
40.0614  0.6667
40.0697  0.3333
40.0780  0.3333
40.0862  1.3333
40.0945  0.0000
40.1027  2.0000
40.1110  0.3333
40.1193  1.6667
40.1275  0.3333
40.1358  1.3333
40.1440  1.0000
40.1523  0.0000
40.1606  0.6667
40.1688  0.6667
40.1771  1.0000
40.1853  0.6667
40.1936  0.3333
40.2019  1.0000
40.2101  2.0000
40.2184  0.6667
40.2266  0.3333
40.2349  0.6667
40.2432  0.6667
40.2514  1.0000
40.2597  1.6667
40.2679  1.0000
40.2762  1.3333
40.2845  1.0000
40.2927  0.3333
40.3010  1.6667
40.3092  0.6667
40.3175  1.3333
40.3258  0.0000
40.3340  1.3333
40.3423  1.6667
40.3505  1.6667
40.3588  0.6667
40.3671  0.6667
40.3753  2.0000
40.3836  0.3333
40.3918  1.6667
40.4001  1.6667
40.4084  0.3333
40.4166  0.6667
40.4249  1.0000
40.4331  1.3333
40.4414  0.6667
40.4497  2.3333
40.4579  1.3333
40.4662  1.6667
40.4744  1.6667
40.4827  0.3333
40.4910  1.3333
40.4992  1.6667
40.5075  3.3333
40.5157  1.3333
40.5240  2.6667
40.5323  1.3333
40.5405  1.0000
40.5488  1.6667
40.5570  1.3333
40.5653  0.3333
40.5736  1.6667
40.5818  2.0000
40.5901  3.0000
40.5983  3.0000
40.6066  2.3333
40.6149  1.6667
40.6231  1.6667
40.6314  2.6667
40.6396  1.6667
40.6479  1.3333
40.6562  3.0000
40.6644  2.0000
40.6727  3.6667
40.6809  3.3333
40.6892  3.6667
40.6975  2.0000
40.7057  2.3333
40.7140  2.0000
40.7222  3.6667
40.7305  2.6667
40.7388  4.0000
40.7470  3.0000
40.7553  3.3333
40.7635  3.0000
40.7718  5.0000
40.7801  2.6667
40.7883  4.6667
40.7966  3.6667
40.8048  4.6667
40.8131  2.0000
40.8214  7.0000
40.8296  2.6667
40.8379  4.0000
40.8461  2.6667
40.8544  3.6667
40.8627  4.6667
40.8709  5.6667
40.8792  3.0000
40.8874  3.6667
40.8957  3.0000
40.9040  5.0000
40.9122  5.0000
40.9205  3.0000
40.9287  5.0000
40.9370  4.3333
40.9453  3.6667
40.9535  3.0000
40.9618  3.3333
40.9700  3.0000
40.9783  5.6667
40.9866  3.3333
40.9948  6.3333
41.0031  3.6667
41.0113  4.6667
41.0196  3.6667
41.0279  3.6667
41.0361  4.0000
41.0444  4.6667
41.0526  5.0000
41.0609  5.6667
41.0692  5.0000
41.0774  7.0000
41.0857  5.6667
41.0939  3.6667
41.1022  2.6667
41.1105  6.3333
41.1187  4.3333
41.1270  6.0000
41.1352  6.0000
41.1435  4.3333
41.1518  3.6667
41.1600  5.6667
41.1683  5.3333
41.1765  3.3333
41.1848  3.0000
41.1931  3.6667
41.2013  3.6667
41.2096  4.3333
41.2178  2.3333
41.2261  5.3333
41.2344  4.3333
41.2426  3.3333
41.2509  5.6667
41.2591  6.0000
41.2674  6.0000
41.2757  3.6667
41.2839  5.6667
41.2922  6.6667
41.3004  7.0000
41.3087  5.6667
41.3170  5.6667
41.3252  4.6667
41.3335  5.6667
41.3417  6.6667
41.3500  8.6667
41.3583  8.3333
41.3665  4.3333
41.3748  7.6667
41.3830  9.0000
41.3913  6.0000
41.3996  7.3333
41.4078  8.3333
41.4161  6.3333
41.4243  8.3333
41.4326  8.0000
41.4409 11.0000
41.4491  7.6667
41.4574  7.6667
41.4656 10.3333
41.4739  9.0000
41.4822 10.6667
41.4904 11.3333
41.4987 10.6667
41.5069 12.0000
41.5152 10.3333
41.5235 15.6667
41.5317  8.0000
41.5400 14.6667
41.5482 12.3333
41.5565 13.6667
41.5648 21.6667
41.5730 18.3333
41.5813 19.6667
41.5895 17.3333
41.5978 20.6667
41.6061 19.3333
41.6143 24.3333
41.6226 24.6667
41.6308 32.3333
41.6391 28.3333
41.6474 37.3333
41.6556 38.3333
41.6639 35.6667
41.6721 44.0000
41.6804 47.6667
41.6887 47.0000
41.6969 54.6667
41.7052 58.0000
41.7134 56.6667
41.7217 66.6667
41.7300 64.3333
41.7382 73.6667
41.7465 86.0000
41.7547 84.6667
41.7630 82.3333
41.7713 93.6667
41.7795 99.0000
41.7878 109.3333
41.7960 116.3333
41.8043 111.6667
41.8126 103.0000
41.8208 131.0000
41.8291 122.3333
41.8373 125.0000
41.8456 131.6667
41.8539 125.6667
41.8621 136.3333
41.8704 135.3333
41.8786 127.3333
41.8869 137.6667
41.8952 129.6667
41.9034 138.6667
41.9117 136.3333
41.9199 135.3333
41.9282 125.3333
41.9365 110.6667
41.9447 119.6667
41.9530 101.3333
41.9612 105.0000
41.9695 104.0000
41.9778 99.0000
41.9860 93.0000
41.9943 76.6667
42.0025 73.6667
42.0108 74.3333
42.0191 56.0000
42.0273 68.3333
42.0356 60.6667
42.0438 55.3333
42.0521 49.0000
42.0604 50.3333
42.0686 41.6667
42.0769 40.3333
42.0851 31.3333
42.0934 33.6667
42.1017 25.0000
42.1099 28.3333
42.1182 21.0000
42.1264 21.6667
42.1347 19.3333
42.1430 18.6667
42.1512 14.0000
42.1595 21.0000
42.1677  9.3333
42.1760 11.0000
42.1843 13.6667
42.1925 12.0000
42.2008 11.6667
42.2090  9.0000
42.2173  9.3333
42.2256 10.3333
42.2338  8.6667
42.2421  8.3333
42.2503  7.3333
42.2586  8.3333
42.2669  6.6667
42.2751  4.3333
42.2834  7.6667
42.2916  6.0000
42.2999  7.6667
42.3082  5.0000
42.3164  6.3333
42.3247  4.3333
42.3329  4.3333
42.3412  4.3333
42.3495  3.6667
42.3577  4.0000
42.3660  3.0000
42.3742  3.3333
42.3825  3.6667
42.3908  4.6667
42.3990  6.6667
42.4073  4.0000
42.4155  3.0000
42.4238  2.6667
42.4321  2.6667
42.4403  3.6667
42.4486  3.0000
42.4568  3.0000
42.4651  3.6667
42.4734  5.3333
42.4816  1.3333
42.4899  4.0000
42.4981  5.6667
42.5064  3.3333
42.5147  1.3333
42.5229  3.6667
42.5312  4.0000
42.5394  2.6667
42.5477  2.6667
42.5560  1.3333
42.5642  1.6667
42.5725  1.3333
42.5807  2.6667
42.5890  2.6667
42.5973  2.3333
42.6055  2.3333
42.6138  2.3333
42.6220  3.3333
42.6303  1.3333
42.6386  2.6667
42.6468  3.6667
42.6551  1.3333
42.6633  2.0000
42.6716  1.3333
42.6799  2.3333
42.6881  1.6667
42.6964  1.3333
42.7046  1.6667
42.7129  1.6667
42.7212  1.3333
42.7294  2.6667
42.7377  2.0000
42.7459  1.6667
42.7542  2.3333
42.7625  0.6667
42.7707  1.0000
42.7790  1.3333
42.7872  3.0000
42.7955  1.0000
42.8038  1.6667
42.8120  2.6667
42.8203  1.0000
42.8285  0.3333
42.8368  0.6667
42.8451  2.0000
42.8533  1.3333
42.8616  0.6667
42.8698  1.0000
42.8781  1.0000
42.8864  2.3333
42.8946  2.0000
42.9029  0.3333
42.9111  1.3333
42.9194  1.0000
42.9277  1.0000
42.9359  1.6667
42.9442  1.3333
42.9524  0.6667
42.9607  1.0000
42.9690  2.0000
42.9772  2.3333
42.9855  1.0000
42.9937  0.3333
43.0020  1.0000
43.0103  1.3333
43.0185  2.0000
43.0268  0.6667
43.0350  1.6667
43.0433  1.0000
43.0516  2.0000
43.0598  0.0000
43.0681  1.3333
43.0763  0.6667
43.0846  0.3333
43.0929  0.0000
43.1011  1.6667
43.1094  1.3333
43.1176  0.6667
43.1259  1.0000
43.1342  0.6667
43.1424  0.6667
43.1507  1.6667
43.1589  0.6667
43.1672  0.3333
43.1755  0.0000
43.1837  1.0000
43.1920  0.3333
43.2002  0.0000
43.2085  0.3333
43.2168  0.6667
43.2250  0.6667
43.2333  0.0000
43.2415  0.0000
43.2498  0.3333
43.2581  0.0000
43.2663  0.0000
43.2746  0.0000
43.2828  0.3333
43.2911  0.0000
43.2994  0.3333
