39.1859  0.3333
39.1941  0.0000
39.2024  0.0000
39.2107  0.0000
39.2189  0.0000
39.2272  0.0000
39.2354  0.0000
39.2437  0.3333
39.2520  0.0000
39.2602  0.6667
39.2685  1.0000
39.2767  0.6667
39.2850  0.3333
39.2933  0.0000
39.3015  0.3333
39.3098  0.0000
39.3180  0.3333
39.3263  0.6667
39.3346  0.0000
39.3428  0.3333
39.3511  0.0000
39.3593  0.0000
39.3676  0.3333
39.3759  0.0000
39.3841  0.0000
39.3924  0.3333
39.4006  1.3333
39.4089  0.6667
39.4172  0.6667
39.4254  0.3333
39.4337  1.0000
39.4419  0.6667
39.4502  0.3333
39.4585  1.0000
39.4667  0.6667
39.4750  0.0000
39.4832  0.6667
39.4915  0.6667
39.4998  0.3333
39.5080  0.0000
39.5163  0.0000
39.5245  0.3333
39.5328  0.3333
39.5411  0.3333
39.5493  0.0000
39.5576  1.0000
39.5658  0.3333
39.5741  0.3333
39.5824  1.0000
39.5906  0.0000
39.5989  0.0000
39.6071  0.6667
39.6154  0.0000
39.6237  0.0000
39.6319  0.6667
39.6402  0.6667
39.6484  0.6667
39.6567  1.3333
39.6650  0.6667
39.6732  1.0000
39.6815  0.0000
39.6897  0.6667
39.6980  0.6667
39.7063  0.6667
39.7145  1.0000
39.7228  0.3333
39.7310  0.6667
39.7393  0.0000
39.7476  0.3333
39.7558  0.6667
39.7641  0.6667
39.7723  1.0000
39.7806  0.0000
39.7889  0.3333
39.7971  0.0000
39.8054  0.6667
39.8136  0.3333
39.8219  1.0000
39.8302  1.0000
39.8384  0.3333
39.8467  1.0000
39.8549  0.0000
39.8632  2.0000
39.8715  1.0000
39.8797  0.3333
39.8880  1.0000
39.8962  0.3333
39.9045  1.0000
39.9128  0.6667
39.9210  0.6667
39.9293  0.3333
39.9375  0.3333
39.9458  0.6667
39.9541  1.0000
39.9623  1.3333
39.9706  0.6667
39.9788  0.0000
39.9871  0.0000
39.9954  0.0000
40.0036  0.3333
40.0119  0.3333
40.0201  0.3333
40.0284  1.6667
40.0367  1.3333
40.0449  0.6667
40.0532  1.3333
40.0614  0.6667
40.0697  0.3333
40.0780  0.6667
40.0862  0.3333
40.0945  0.0000
40.1027  0.0000
40.1110  0.3333
40.1193  0.6667
40.1275  0.0000
40.1358  1.0000
40.1440  1.0000
40.1523  1.0000
40.1606  0.3333
40.1688  0.6667
40.1771  1.6667
40.1853  1.3333
40.1936  0.0000
40.2019  0.0000
40.2101  1.0000
40.2184  1.6667
40.2266  0.3333
40.2349  0.0000
40.2432  1.0000
40.2514  1.0000
40.2597  0.6667
40.2679  0.3333
40.2762  0.6667
40.2845  0.0000
40.2927  0.6667
40.3010  1.0000
40.3092  0.6667
40.3175  1.0000
40.3258  1.0000
40.3340  1.0000
40.3423  0.3333
40.3505  0.0000
40.3588  0.6667
40.3671  0.6667
40.3753  1.3333
40.3836  0.6667
40.3918  1.6667
40.4001  2.3333
40.4084  1.0000
40.4166  1.0000
40.4249  1.3333
40.4331  1.0000
40.4414  0.0000
40.4497  0.3333
40.4579  3.0000
40.4662  1.6667
40.4744  1.6667
40.4827  2.0000
40.4910  1.3333
40.4992  1.0000
40.5075  0.0000
40.5157  3.3333
40.5240  2.6667
40.5323  0.6667
40.5405  2.0000
40.5488  1.3333
40.5570  2.0000
40.5653  2.0000
40.5736  0.6667
40.5818  2.6667
40.5901  2.0000
40.5983  1.3333
40.6066  1.0000
40.6149  2.3333
40.6231  3.0000
40.6314  2.0000
40.6396  1.3333
40.6479  1.6667
40.6562  2.0000
40.6644  3.6667
40.6727  4.3333
40.6809  2.3333
40.6892  2.3333
40.6975  2.3333
40.7057  2.6667
40.7140  4.6667
40.7222  4.3333
40.7305  6.3333
40.7388  4.6667
40.7470  3.0000
40.7553  4.3333
40.7635  2.6667
40.7718  5.3333
40.7801  5.3333
40.7883  4.0000
40.7966  3.0000
40.8048  5.6667
40.8131  5.3333
40.8214  5.0000
40.8296  6.0000
40.8379  6.0000
40.8461  7.0000
40.8544  5.3333
40.8627  3.3333
40.8709  9.6667
40.8792  5.6667
40.8874  7.6667
40.8957  9.0000
40.9040  6.3333
40.9122  6.0000
40.9205  7.0000
40.9287  7.3333
40.9370  5.6667
40.9453  3.0000
40.9535  9.0000
40.9618  7.0000
40.9700  5.6667
40.9783  7.3333
40.9866  5.0000
40.9948  7.0000
41.0031  4.3333
41.0113  5.6667
41.0196  3.6667
41.0279  5.0000
41.0361  5.0000
41.0444  3.6667
41.0526  4.6667
41.0609  2.6667
41.0692  6.0000
41.0774  5.3333
41.0857  3.0000
41.0939  4.0000
41.1022  3.3333
41.1105  5.3333
41.1187  4.0000
41.1270  4.6667
41.1352  4.3333
41.1435  4.3333
41.1518  3.6667
41.1600  3.3333
41.1683  2.6667
41.1765  2.6667
41.1848  4.0000
41.1931  3.3333
41.2013  3.6667
41.2096  4.0000
41.2178  6.0000
41.2261  3.3333
41.2344  2.6667
41.2426  2.0000
41.2509  3.0000
41.2591  2.3333
41.2674  3.3333
41.2757  3.0000
41.2839  4.0000
41.2922  2.3333
41.3004  2.6667
41.3087  2.6667
41.3170  3.6667
41.3252  3.3333
41.3335  2.3333
41.3417  3.0000
41.3500  3.0000
41.3583  2.6667
41.3665  4.0000
41.3748  4.3333
41.3830  5.3333
41.3913  3.6667
41.3996  3.3333
41.4078  3.6667
41.4161  4.3333
41.4243  3.0000
41.4326  4.3333
41.4409  3.3333
41.4491  4.3333
41.4574  3.6667
41.4656  4.0000
41.4739  5.3333
41.4822 10.6667
41.4904  5.3333
41.4987  7.6667
41.5069  6.0000
41.5152  6.6667
41.5235  8.6667
41.5317  5.6667
41.5400 11.6667
41.5482  9.6667
41.5565  8.0000
41.5648  8.0000
41.5730  9.0000
41.5813 12.3333
41.5895 11.6667
41.5978 10.0000
41.6061 14.0000
41.6143 13.3333
41.6226 15.3333
41.6308 16.6667
41.6391 18.3333
41.6474 17.6667
41.6556 19.3333
41.6639 28.3333
41.6721 26.3333
41.6804 34.0000
41.6887 24.3333
41.6969 31.3333
41.7052 35.0000
41.7134 41.3333
41.7217 47.3333
41.7300 47.3333
41.7382 50.3333
41.7465 60.3333
41.7547 69.3333
41.7630 67.0000
41.7713 73.0000
41.7795 80.3333
41.7878 97.0000
41.7960 81.3333
41.8043 90.6667
41.8126 107.3333
41.8208 96.3333
41.8291 91.6667
41.8373 106.3333
41.8456 107.6667
41.8539 119.0000
41.8621 132.0000
41.8704 124.0000
41.8786 133.6667
41.8869 123.6667
41.8952 132.3333
41.9034 129.3333
41.9117 129.3333
41.9199 126.3333
41.9282 125.3333
41.9365 116.0000
41.9447 125.3333
41.9530 118.6667
41.9612 117.6667
41.9695 101.0000
41.9778 96.6667
41.9860 93.6667
41.9943 91.3333
42.0025 86.3333
42.0108 78.6667
42.0191 76.3333
42.0273 65.0000
42.0356 57.6667
42.0438 54.6667
42.0521 54.0000
42.0604 55.0000
42.0686 36.3333
42.0769 39.3333
42.0851 31.3333
42.0934 34.0000
42.1017 27.3333
42.1099 25.3333
42.1182 22.3333
42.1264 19.0000
42.1347 17.6667
42.1430 14.3333
42.1512 16.3333
42.1595 13.6667
42.1677 19.6667
42.1760 14.0000
42.1843 10.0000
42.1925  9.3333
42.2008  9.0000
42.2090  6.3333
42.2173  8.6667
42.2256  7.6667
42.2338  7.0000
42.2421  6.6667
42.2503  6.6667
42.2586  4.6667
42.2669  7.0000
42.2751  4.0000
42.2834  5.0000
42.2916  3.3333
42.2999  7.0000
42.3082  3.6667
42.3164  6.6667
42.3247  7.3333
42.3329  3.3333
42.3412  3.3333
42.3495  3.3333
42.3577  3.0000
42.3660  2.6667
42.3742  1.0000
42.3825  4.6667
42.3908  0.3333
42.3990  4.3333
42.4073  2.3333
42.4155  3.0000
42.4238  3.6667
42.4321  3.3333
42.4403  3.0000
42.4486  2.0000
42.4568  1.3333
42.4651  2.0000
42.4734  2.0000
42.4816  4.6667
42.4899  4.0000
42.4981  3.0000
42.5064  3.0000
42.5147  1.6667
42.5229  0.6667
42.5312  2.6667
42.5394  1.6667
42.5477  2.3333
42.5560  1.6667
42.5642  2.3333
42.5725  1.0000
42.5807  1.0000
42.5890  2.3333
42.5973  1.0000
42.6055  1.3333
42.6138  2.3333
42.6220  2.3333
42.6303  3.3333
42.6386  1.0000
42.6468  2.0000
42.6551  1.3333
42.6633  0.6667
42.6716  1.6667
42.6799  1.6667
42.6881  1.6667
42.6964  2.0000
42.7046  1.0000
42.7129  1.0000
42.7212  1.6667
42.7294  1.0000
42.7377  1.0000
42.7459  1.3333
42.7542  0.3333
42.7625  1.3333
42.7707  0.6667
42.7790  1.0000
42.7872  2.0000
42.7955  0.3333
42.8038  2.0000
42.8120  1.3333
42.8203  2.6667
42.8285  1.0000
42.8368  1.3333
42.8451  1.0000
42.8533  1.0000
42.8616  1.0000
42.8698  0.3333
42.8781  0.6667
42.8864  2.6667
42.8946  1.0000
42.9029  1.0000
42.9111  1.0000
42.9194  0.3333
42.9277  2.0000
42.9359  1.0000
42.9442  1.3333
42.9524  1.0000
42.9607  0.6667
42.9690  1.0000
42.9772  0.6667
42.9855  0.0000
42.9937  1.0000
43.0020  0.6667
43.0103  0.3333
43.0185  0.6667
43.0268  0.3333
43.0350  0.3333
43.0433  1.6667
43.0516  0.6667
43.0598  0.3333
43.0681  0.3333
43.0763  0.0000
43.0846  0.0000
43.0929  0.3333
43.1011  0.3333
43.1094  0.0000
43.1176  0.3333
43.1259  0.3333
43.1342  0.6667
43.1424  0.3333
43.1507  0.6667
43.1589  0.6667
43.1672  0.0000
43.1755  0.6667
43.1837  0.0000
43.1920  0.3333
43.2002  0.0000
43.2085  0.0000
43.2168  0.3333
43.2250  0.0000
43.2333  0.0000
43.2415  0.3333
