58.5528  0.3333
58.5611  0.3333
58.5694  0.0000
58.5776  0.0000
58.5859  0.3333
58.5941  0.0000
58.6024  0.6667
58.6107  0.0000
58.6189  0.0000
58.6272  0.3333
58.6354  0.0000
58.6437  0.3333
58.6520  0.3333
58.6602  0.0000
58.6685  0.0000
58.6767  0.0000
58.6850  0.0000
58.6933  0.3333
58.7015  0.0000
58.7098  0.6667
58.7180  0.6667
58.7263  0.3333
58.7346  0.0000
58.7428  0.3333
58.7511  0.3333
58.7593  1.0000
58.7676  0.3333
58.7759  0.3333
58.7841  0.6667
58.7924  0.3333
58.8006  0.6667
58.8089  0.3333
58.8172  0.6667
58.8254  0.6667
58.8337  0.6667
58.8419  1.0000
58.8502  1.0000
58.8585  0.0000
58.8667  0.0000
58.8750  0.0000
58.8832  1.0000
58.8915  0.3333
58.8998  0.3333
58.9080  0.0000
58.9163  0.3333
58.9245  1.0000
58.9328  1.0000
58.9411  0.6667
58.9493  0.6667
58.9576  1.6667
58.9658  0.3333
58.9741  0.0000
58.9824  0.3333
58.9906  0.3333
58.9989  0.6667
59.0071  0.0000
59.0154  0.6667
59.0237  0.6667
59.0319  0.3333
59.0402  0.6667
59.0484  0.6667
59.0567  1.3333
59.0650  0.0000
59.0732  0.0000
59.0815  0.0000
59.0897  0.0000
59.0980  0.3333
59.1063  0.0000
59.1145  0.3333
59.1228  0.6667
59.1310  1.0000
59.1393  0.3333
59.1476  0.3333
59.1558  0.3333
59.1641  0.3333
59.1723  0.0000
59.1806  0.6667
59.1889  1.3333
59.1971  0.3333
59.2054  0.3333
59.2136  0.3333
59.2219  0.3333
59.2302  1.0000
59.2384  0.3333
59.2467  2.0000
59.2549  0.6667
59.2632  0.3333
59.2715  0.0000
59.2797  0.3333
59.2880  0.3333
59.2962  1.3333
59.3045  0.6667
59.3128  0.0000
59.3210  1.3333
59.3293  0.6667
59.3375  0.3333
59.3458  0.3333
59.3541  0.0000
59.3623  0.3333
59.3706  0.3333
59.3788  0.0000
59.3871  0.0000
59.3954  0.0000
59.4036  0.6667
59.4119  0.3333
59.4201  0.0000
59.4284  0.3333
59.4367  1.0000
59.4449  0.6667
59.4532  0.6667
59.4614  1.0000
59.4697  0.3333
59.4780  0.0000
59.4862  0.0000
59.4945  0.0000
59.5027  0.3333
59.5110  0.0000
59.5193  0.0000
59.5275  0.3333
59.5358  1.0000
59.5440  0.6667
59.5523  0.3333
59.5606  1.3333
59.5688  0.0000
59.5771  0.3333
59.5853  0.3333
59.5936  0.6667
59.6019  0.3333
59.6101  0.3333
59.6184  1.0000
59.6266  0.0000
59.6349  0.6667
59.6432  0.3333
59.6514  0.6667
59.6597  0.6667
59.6679  0.0000
59.6762  0.0000
59.6845  1.0000
59.6927  0.0000
59.7010  0.3333
59.7092  1.0000
59.7175  0.0000
59.7258  0.3333
59.7340  0.3333
59.7423  1.6667
59.7505  0.0000
59.7588  0.0000
59.7671  1.0000
59.7753  0.0000
59.7836  1.0000
59.7918  0.0000
59.8001  1.0000
59.8084  0.3333
59.8166  0.3333
59.8249  0.0000
59.8331  0.3333
59.8414  0.6667
59.8497  0.6667
59.8579  0.0000
59.8662  0.3333
59.8744  0.6667
59.8827  1.3333
59.8910  1.0000
59.8992  0.3333
59.9075  0.6667
59.9157  0.3333
59.9240  1.0000
59.9323  0.3333
59.9405  0.0000
59.9488  0.0000
59.9570  1.0000
59.9653  0.3333
59.9736  0.0000
59.9818  0.0000
59.9901  1.0000
59.9983  0.0000
60.0066  0.0000
60.0149  0.3333
60.0231  0.3333
60.0314  0.3333
60.0396  1.0000
60.0479  1.0000
60.0562  1.0000
60.0644  0.6667
60.0727  0.6667
60.0809  2.0000
60.0892  0.6667
60.0975  0.0000
60.1057  0.3333
60.1140  0.3333
60.1222  0.0000
60.1305  0.0000
60.1388  0.3333
60.1470  0.0000
60.1553  0.3333
60.1635  0.6667
60.1718  0.6667
60.1801  1.0000
60.1883  1.0000
60.1966  0.6667
60.2048  0.0000
60.2131  1.3333
60.2214  0.6667
60.2296  0.3333
60.2379  0.3333
60.2461  0.6667
60.2544  0.6667
60.2627  0.0000
60.2709  0.6667
60.2792  0.3333
60.2874  1.0000
60.2957  0.3333
60.3040  0.6667
60.3122  0.6667
60.3205  0.6667
60.3287  1.3333
60.3370  0.3333
60.3453  1.3333
60.3535  0.6667
60.3618  1.3333
60.3700  0.3333
60.3783  0.0000
60.3866  1.3333
60.3948  1.3333
60.4031  0.0000
60.4113  1.3333
60.4196  0.6667
60.4279  1.6667
60.4361  1.0000
60.4444  1.3333
60.4526  0.3333
60.4609  2.0000
60.4692  1.0000
60.4774  1.3333
60.4857  1.0000
60.4939  1.6667
60.5022  4.6667
60.5105  1.6667
60.5187  2.6667
60.5270  4.0000
60.5352  2.0000
60.5435  1.0000
60.5518  3.3333
60.5600  1.6667
60.5683  4.3333
60.5765  3.0000
60.5848  3.3333
60.5931  4.6667
60.6013  4.6667
60.6096  2.3333
60.6178  5.0000
60.6261  4.3333
60.6344  4.3333
60.6426  9.0000
60.6509  8.3333
60.6591  8.0000
60.6674  6.3333
60.6757  7.6667
60.6839  6.6667
60.6922  7.3333
60.7004 11.6667
60.7087  9.6667
60.7170  6.3333
60.7252 11.3333
60.7335  6.6667
60.7417 11.6667
60.7500 10.6667
60.7583  7.3333
60.7665  8.0000
60.7748  5.0000
60.7830  9.0000
60.7913  7.3333
60.7996 11.0000
60.8078 10.0000
60.8161  6.6667
60.8243  7.6667
60.8326  7.6667
60.8409  9.6667
60.8491  7.6667
60.8574  5.0000
60.8656  7.3333
60.8739  5.0000
60.8822  4.3333
60.8904  5.0000
60.8987  5.3333
60.9069  7.0000
60.9152  4.0000
60.9235  5.0000
60.9317  4.3333
60.9400  2.0000
60.9482  2.6667
60.9565  4.3333
60.9648  1.0000
60.9730  2.0000
60.9813  2.0000
60.9895  3.3333
60.9978  2.0000
61.0061  2.0000
61.0143  2.3333
61.0226  2.3333
61.0308  1.0000
61.0391  1.0000
61.0474  1.6667
61.0556  1.0000
61.0639  0.6667
61.0721  0.0000
61.0804  0.3333
61.0887  0.6667
61.0969  1.3333
61.1052  1.0000
61.1134  1.0000
61.1217  2.0000
61.1300  1.0000
61.1382  0.6667
61.1465  1.0000
61.1547  0.6667
61.1630  1.6667
61.1713  0.3333
61.1795  1.0000
61.1878  0.0000
61.1960  0.3333
61.2043  0.6667
61.2126  1.3333
61.2208  0.0000
61.2291  0.0000
61.2373  0.0000
61.2456  0.3333
61.2539  1.0000
61.2621  1.0000
61.2704  0.0000
61.2786  1.3333
61.2869  0.0000
61.2952  0.0000
61.3034  0.0000
61.3117  1.6667
61.3199  0.6667
61.3282  0.3333
61.3365  0.3333
61.3447  0.3333
61.3530  0.6667
61.3612  0.3333
61.3695  0.3333
61.3778  1.0000
61.3860  1.0000
61.3943  0.6667
61.4025  0.3333
61.4108  1.3333
61.4191  0.3333
61.4273  1.3333
61.4356  0.3333
61.4438  0.0000
61.4521  0.0000
61.4604  0.0000
61.4686  0.3333
61.4769  0.6667
61.4851  0.3333
61.4934  1.3333
61.5017  1.0000
61.5099  1.0000
61.5182  0.0000
61.5264  0.0000
61.5347  1.3333
61.5430  1.0000
61.5512  0.6667
61.5595  0.6667
61.5677  0.3333
61.5760  0.6667
61.5843  0.0000
61.5925  0.6667
61.6008  0.6667
61.6090  0.3333
61.6173  0.3333
61.6256  0.3333
61.6338  0.3333
61.6421  1.0000
61.6503  0.3333
61.6586  0.3333
61.6669  0.6667
61.6751  0.6667
61.6834  0.0000
61.6916  0.0000
61.6999  0.0000
61.7082  0.3333
61.7164  0.0000
61.7247  0.3333
61.7329  0.6667
61.7412  0.0000
61.7495  0.3333
61.7577  0.0000
61.7660  1.0000
61.7742  0.6667
61.7825  0.3333
61.7908  0.0000
61.7990  0.3333
61.8073  0.0000
61.8155  0.0000
61.8238  0.0000
61.8321  0.6667
61.8403  0.3333
61.8486  0.6667
61.8568  0.3333
61.8651  2.0000
61.8734  0.0000
61.8816  0.0000
61.8899  0.6667
61.8981  0.3333
61.9064  0.3333
61.9147  0.6667
61.9229  0.3333
61.9312  0.3333
61.9394  0.0000
61.9477  1.0000
61.9560  0.3333
61.9642  0.6667
61.9725  0.6667
61.9807  0.0000
61.9890  0.6667
61.9973  0.0000
62.0055  0.0000
62.0138  0.3333
62.0220  0.3333
62.0303  0.0000
62.0386  0.0000
62.0468  0.3333
62.0551  0.0000
62.0633  0.3333
62.0716  0.0000
62.0799  1.0000
62.0881  0.6667
62.0964  0.0000
62.1046  0.3333
62.1129  0.0000
62.1212  0.0000
62.1294  0.3333
62.1377  0.0000
62.1459  0.6667
62.1542  0.3333
62.1625  0.6667
62.1707  0.3333
62.1790  0.3333
62.1872  0.3333
62.1955  0.0000
62.2038  0.3333
62.2120  0.3333
62.2203  0.3333
62.2285  0.0000
62.2368  0.0000
62.2451  1.3333
62.2533  0.3333
62.2616  0.3333
62.2698  0.3333
62.2781  0.0000
62.2864  0.6667
62.2946  0.6667
62.3029  0.0000
62.3111  0.3333
62.3194  0.6667
62.3277  0.0000
62.3359  0.0000
62.3442  0.3333
62.3524  0.0000
62.3607  0.0000
62.3690  0.3333
62.3772  0.0000
62.3855  0.0000
62.3937  0.0000
62.4020  0.0000
62.4103  0.3333
62.4185  0.0000
62.4268  0.0000
62.4350  0.0000
62.4433  0.6667
62.4516  0.3333
62.4598  0.0000
62.4681  0.3333
62.4763  0.3333
62.4846  0.6667
62.4929  0.3333
62.5011  0.3333
62.5094  0.0000
62.5176  0.3333
62.5259  0.6667
62.5342  0.0000
62.5424  0.3333
62.5507  0.0000
62.5589  0.3333
62.5672  0.6667
62.5755  0.6667
62.5837  0.0000
62.5920  0.0000
62.6002  0.0000
62.6085  0.0000
62.6168  0.0000
62.6250  0.0000
62.6333  0.0000
62.6415  0.3333
62.6498  0.3333
