39.1033  0.3333
39.1115  0.0000
39.1198  0.0000
39.1281  0.0000
39.1363  0.0000
39.1446  0.0000
39.1528  0.0000
39.1611  0.0000
39.1694  0.0000
39.1776  0.3333
39.1859  0.0000
39.1941  0.0000
39.2024  0.0000
39.2107  0.6667
39.2189  0.0000
39.2272  0.0000
39.2354  0.3333
39.2437  0.0000
39.2520  0.0000
39.2602  0.0000
39.2685  0.3333
39.2767  0.0000
39.2850  0.3333
39.2933  0.3333
39.3015  0.3333
39.3098  0.6667
39.3180  0.3333
39.3263  0.0000
39.3346  0.3333
39.3428  0.3333
39.3511  0.0000
39.3593  0.3333
39.3676  0.6667
39.3759  0.0000
39.3841  0.0000
39.3924  0.6667
39.4006  0.6667
39.4089  0.0000
39.4172  0.0000
39.4254  0.6667
39.4337  1.0000
39.4419  0.6667
39.4502  1.0000
39.4585  0.0000
39.4667  0.6667
39.4750  0.3333
39.4832  0.3333
39.4915  0.3333
39.4998  0.3333
39.5080  0.3333
39.5163  0.3333
39.5245  0.6667
39.5328  0.3333
39.5411  0.0000
39.5493  0.3333
39.5576  2.0000
39.5658  0.0000
39.5741  0.0000
39.5824  0.3333
39.5906  1.3333
39.5989  0.0000
39.6071  0.3333
39.6154  0.0000
39.6237  1.0000
39.6319  0.6667
39.6402  0.6667
39.6484  0.3333
39.6567  0.3333
39.6650  0.3333
39.6732  1.0000
39.6815  0.0000
39.6897  0.0000
39.6980  0.0000
39.7063  0.0000
39.7145  0.3333
39.7228  0.6667
39.7310  1.0000
39.7393  1.3333
39.7476  0.3333
39.7558  0.3333
39.7641  0.3333
39.7723  0.6667
39.7806  1.0000
39.7889  0.3333
39.7971  0.6667
39.8054  1.0000
39.8136  0.3333
39.8219  0.6667
39.8302  0.0000
39.8384  0.3333
39.8467  0.6667
39.8549  0.3333
39.8632  1.0000
39.8715  0.0000
39.8797  1.3333
39.8880  0.3333
39.8962  0.3333
39.9045  0.6667
39.9128  1.6667
39.9210  0.3333
39.9293  1.3333
39.9375  0.6667
39.9458  0.6667
39.9541  0.3333
39.9623  0.6667
39.9706  1.0000
39.9788  1.3333
39.9871  0.0000
39.9954  1.0000
40.0036  0.3333
40.0119  0.3333
40.0201  0.3333
40.0284  1.0000
40.0367  0.6667
40.0449  0.6667
40.0532  0.6667
40.0614  0.0000
40.0697  1.0000
40.0780  0.6667
40.0862  2.0000
40.0945  0.3333
40.1027  0.6667
40.1110  1.0000
40.1193  0.3333
40.1275  1.3333
40.1358  0.6667
40.1440  1.0000
40.1523  0.3333
40.1606  1.3333
40.1688  1.0000
40.1771  0.6667
40.1853  1.3333
40.1936  1.0000
40.2019  1.3333
40.2101  0.3333
40.2184  1.0000
40.2266  1.0000
40.2349  0.6667
40.2432  0.0000
40.2514  1.0000
40.2597  0.6667
40.2679  1.0000
40.2762  0.0000
40.2845  0.6667
40.2927  1.0000
40.3010  1.3333
40.3092  0.6667
40.3175  0.0000
40.3258  0.3333
40.3340  0.3333
40.3423  0.6667
40.3505  0.3333
40.3588  0.0000
40.3671  1.3333
40.3753  0.6667
40.3836  1.3333
40.3918  0.3333
40.4001  1.6667
40.4084  0.6667
40.4166  0.3333
40.4249  1.3333
40.4331  1.0000
40.4414  1.3333
40.4497  2.0000
40.4579  0.6667
40.4662  1.3333
40.4744  1.3333
40.4827  1.3333
40.4910  0.6667
40.4992  2.0000
40.5075  1.0000
40.5157  1.3333
40.5240  1.3333
40.5323  1.0000
40.5405  1.6667
40.5488  0.6667
40.5570  2.3333
40.5653  1.6667
40.5736  3.6667
40.5818  3.3333
40.5901  1.3333
40.5983  3.0000
40.6066  2.0000
40.6149  1.6667
40.6231  1.3333
40.6314  2.6667
40.6396  2.0000
40.6479  0.3333
40.6562  3.0000
40.6644  2.0000
40.6727  1.3333
40.6809  1.3333
40.6892  3.0000
40.6975  3.6667
40.7057  2.0000
40.7140  2.0000
40.7222  3.3333
40.7305  2.6667
40.7388  4.3333
40.7470  3.3333
40.7553  1.3333
40.7635  4.0000
40.7718  2.0000
40.7801  3.0000
40.7883  2.6667
40.7966  3.3333
40.8048  2.3333
40.8131  2.0000
40.8214  2.6667
40.8296  2.0000
40.8379  2.6667
40.8461  3.3333
40.8544  3.3333
40.8627  5.0000
40.8709  4.3333
40.8792  2.3333
40.8874  4.0000
40.8957  4.6667
40.9040  3.3333
40.9122  3.6667
40.9205  4.3333
40.9287  6.0000
40.9370  5.3333
40.9453  4.6667
40.9535  5.0000
40.9618  6.0000
40.9700  4.3333
40.9783  4.0000
40.9866  3.6667
40.9948  4.3333
41.0031  3.0000
41.0113  5.0000
41.0196  4.0000
41.0279  4.6667
41.0361  5.6667
41.0444  3.3333
41.0526  3.3333
41.0609  5.6667
41.0692  4.3333
41.0774  6.3333
41.0857  5.0000
41.0939  4.3333
41.1022  3.6667
41.1105  5.0000
41.1187  7.0000
41.1270  5.3333
41.1352  6.0000
41.1435  4.3333
41.1518  6.3333
41.1600  5.6667
41.1683  6.0000
41.1765  4.3333
41.1848  5.3333
41.1931  3.0000
41.2013  6.0000
41.2096  5.0000
41.2178  5.6667
41.2261  5.3333
41.2344  5.3333
41.2426  8.0000
41.2509  7.3333
41.2591  7.0000
41.2674  8.3333
41.2757  8.0000
41.2839  9.6667
41.2922 10.3333
41.3004 10.6667
41.3087  2.6667
41.3170 10.0000
41.3252  8.3333
41.3335  7.6667
41.3417  9.0000
41.3500  8.6667
41.3583 10.0000
41.3665 11.3333
41.3748  9.0000
41.3830 10.6667
41.3913 10.6667
41.3996 10.6667
41.4078  9.3333
41.4161 13.3333
41.4243  9.0000
41.4326 14.0000
41.4409  9.3333
41.4491 10.0000
41.4574  9.0000
41.4656 14.0000
41.4739 17.0000
41.4822 12.0000
41.4904 13.3333
41.4987 15.0000
41.5069 19.6667
41.5152 15.0000
41.5235 14.3333
41.5317 19.0000
41.5400 17.3333
41.5482 16.6667
41.5565 20.0000
41.5648 24.0000
41.5730 22.0000
41.5813 20.3333
41.5895 27.6667
41.5978 33.3333
41.6061 31.0000
41.6143 33.6667
41.6226 28.6667
41.6308 37.3333
41.6391 40.6667
41.6474 36.3333
41.6556 47.0000
41.6639 47.3333
41.6721 56.3333
41.6804 58.0000
41.6887 68.3333
41.6969 66.0000
41.7052 72.3333
41.7134 74.0000
41.7217 82.6667
41.7300 86.3333
41.7382 83.6667
41.7465 95.0000
41.7547 98.0000
41.7630 102.6667
41.7713 119.6667
41.7795 95.6667
41.7878 123.3333
41.7960 124.3333
41.8043 123.3333
41.8126 124.3333
41.8208 132.0000
41.8291 119.0000
41.8373 137.6667
41.8456 143.0000
41.8539 144.6667
41.8621 139.0000
41.8704 130.6667
41.8786 147.3333
41.8869 136.6667
41.8952 134.0000
41.9034 122.6667
41.9117 125.6667
41.9199 134.6667
41.9282 121.0000
41.9365 126.3333
41.9447 122.0000
41.9530 112.6667
41.9612 104.6667
41.9695 92.6667
41.9778 111.3333
41.9860 82.0000
41.9943 78.0000
42.0025 86.0000
42.0108 68.6667
42.0191 61.0000
42.0273 57.0000
42.0356 48.6667
42.0438 54.0000
42.0521 50.3333
42.0604 39.6667
42.0686 42.0000
42.0769 35.3333
42.0851 34.3333
42.0934 32.6667
42.1017 23.6667
42.1099 29.0000
42.1182 22.6667
42.1264 21.6667
42.1347 22.3333
42.1430 17.6667
42.1512 15.3333
42.1595 15.6667
42.1677 13.0000
42.1760 17.3333
42.1843 10.6667
42.1925 16.3333
42.2008 11.0000
42.2090  9.6667
42.2173 11.0000
42.2256  9.3333
42.2338 10.0000
42.2421  9.6667
42.2503  7.6667
42.2586  7.3333
42.2669  7.3333
42.2751  6.3333
42.2834  4.0000
42.2916  5.0000
42.2999  4.6667
42.3082  5.0000
42.3164  5.0000
42.3247  4.6667
42.3329  3.6667
42.3412  5.6667
42.3495  4.3333
42.3577  5.6667
42.3660  5.0000
42.3742  4.6667
42.3825  4.0000
42.3908  3.0000
42.3990  4.0000
42.4073  3.0000
42.4155  3.6667
42.4238  2.0000
42.4321  2.0000
42.4403  2.3333
42.4486  3.3333
42.4568  4.0000
42.4651  1.6667
42.4734  2.0000
42.4816  3.6667
42.4899  2.3333
42.4981  3.0000
42.5064  2.6667
42.5147  2.6667
42.5229  2.3333
42.5312  4.0000
42.5394  4.0000
42.5477  2.3333
42.5560  3.0000
42.5642  1.6667
42.5725  2.0000
42.5807  1.0000
42.5890  1.6667
42.5973  1.3333
42.6055  2.3333
42.6138  1.6667
42.6220  2.6667
42.6303  2.6667
42.6386  1.3333
42.6468  1.6667
42.6551  3.6667
42.6633  2.0000
42.6716  2.0000
42.6799  1.6667
42.6881  2.0000
42.6964  2.0000
42.7046  2.6667
42.7129  2.0000
42.7212  1.3333
42.7294  3.0000
42.7377  2.3333
42.7459  1.6667
42.7542  2.0000
42.7625  1.3333
42.7707  2.3333
42.7790  1.0000
42.7872  1.0000
42.7955  1.0000
42.8038  1.6667
42.8120  1.3333
42.8203  1.3333
42.8285  2.0000
42.8368  1.6667
42.8451  1.0000
42.8533  2.6667
42.8616  1.0000
42.8698  2.0000
42.8781  0.3333
42.8864  0.6667
42.8946  1.0000
42.9029  0.3333
42.9111  1.3333
42.9194  0.6667
42.9277  0.3333
42.9359  1.0000
42.9442  1.0000
42.9524  0.6667
42.9607  2.0000
42.9690  0.6667
42.9772  1.0000
42.9855  2.0000
42.9937  0.3333
43.0020  1.0000
43.0103  1.3333
43.0185  1.0000
43.0268  1.3333
43.0350  2.3333
43.0433  1.0000
43.0516  0.6667
43.0598  0.0000
43.0681  1.6667
43.0763  0.0000
43.0846  2.0000
43.0929  0.3333
43.1011  1.0000
43.1094  0.3333
43.1176  0.0000
43.1259  0.3333
43.1342  0.3333
43.1424  0.6667
43.1507  0.3333
43.1589  1.0000
43.1672  1.0000
43.1755  1.3333
43.1837  0.6667
43.1920  0.3333
43.2002  0.6667
43.2085  0.0000
43.2168  0.6667
43.2250  0.3333
43.2333  1.0000
43.2415  0.6667
43.2498  0.3333
