39.1859  0.3333
39.1941  1.0000
39.2024  0.0000
39.2107  0.0000
39.2189  0.3333
39.2272  0.0000
39.2354  0.0000
39.2437  0.0000
39.2520  0.3333
39.2602  0.6667
39.2685  0.6667
39.2767  0.0000
39.2850  0.3333
39.2933  0.6667
39.3015  0.3333
39.3098  0.3333
39.3180  0.3333
39.3263  0.0000
39.3346  0.0000
39.3428  0.0000
39.3511  0.6667
39.3593  0.0000
39.3676  0.0000
39.3759  0.6667
39.3841  0.6667
39.3924  0.3333
39.4006  0.3333
39.4089  0.3333
39.4172  0.3333
39.4254  0.0000
39.4337  0.3333
39.4419  0.0000
39.4502  1.0000
39.4585  0.3333
39.4667  0.6667
39.4750  0.3333
39.4832  0.3333
39.4915  0.3333
39.4998  0.6667
39.5080  0.6667
39.5163  1.0000
39.5245  0.3333
39.5328  0.3333
39.5411  0.3333
39.5493  0.3333
39.5576  0.0000
39.5658  0.3333
39.5741  0.0000
39.5824  0.3333
39.5906  0.3333
39.5989  0.0000
39.6071  0.3333
39.6154  0.0000
39.6237  0.0000
39.6319  0.6667
39.6402  0.3333
39.6484  1.0000
39.6567  0.0000
39.6650  0.6667
39.6732  0.3333
39.6815  0.3333
39.6897  0.6667
39.6980  0.3333
39.7063  0.0000
39.7145  0.3333
39.7228  0.6667
39.7310  0.6667
39.7393  0.0000
39.7476  0.0000
39.7558  0.6667
39.7641  1.0000
39.7723  0.0000
39.7806  0.6667
39.7889  0.6667
39.7971  1.3333
39.8054  0.6667
39.8136  0.6667
39.8219  0.0000
39.8302  0.0000
39.8384  0.3333
39.8467  0.0000
39.8549  0.0000
39.8632  0.3333
39.8715  0.6667
39.8797  0.3333
39.8880  1.3333
39.8962  0.3333
39.9045  0.3333
39.9128  0.6667
39.9210  0.0000
39.9293  0.6667
39.9375  0.6667
39.9458  0.6667
39.9541  1.3333
39.9623  0.6667
39.9706  0.6667
39.9788  1.0000
39.9871  1.0000
39.9954  0.3333
40.0036  0.3333
40.0119  0.6667
40.0201  1.0000
40.0284  0.6667
40.0367  0.6667
40.0449  0.3333
40.0532  0.3333
40.0614  1.6667
40.0697  0.3333
40.0780  0.6667
40.0862  0.0000
40.0945  0.3333
40.1027  1.0000
40.1110  1.3333
40.1193  1.0000
40.1275  0.0000
40.1358  0.0000
40.1440  0.3333
40.1523  0.0000
40.1606  1.0000
40.1688  0.0000
40.1771  2.6667
40.1853  0.6667
40.1936  0.6667
40.2019  1.6667
40.2101  0.3333
40.2184  0.6667
40.2266  2.0000
40.2349  1.0000
40.2432  1.3333
40.2514  1.3333
40.2597  1.3333
40.2679  0.0000
40.2762  1.0000
40.2845  0.0000
40.2927  0.6667
40.3010  0.3333
40.3092  0.0000
40.3175  1.3333
40.3258  0.3333
40.3340  0.3333
40.3423  0.6667
40.3505  0.6667
40.3588  1.0000
40.3671  0.0000
40.3753  0.6667
40.3836  1.0000
40.3918  1.0000
40.4001  1.6667
40.4084  1.0000
40.4166  0.6667
40.4249  1.0000
40.4331  1.0000
40.4414  1.0000
40.4497  1.3333
40.4579  1.6667
40.4662  0.6667
40.4744  1.3333
40.4827  2.3333
40.4910  1.6667
40.4992  1.0000
40.5075  2.3333
40.5157  1.0000
40.5240  0.6667
40.5323  1.0000
40.5405  0.6667
40.5488  2.3333
40.5570  1.6667
40.5653  2.0000
40.5736  4.3333
40.5818  3.0000
40.5901  1.6667
40.5983  2.0000
40.6066  2.0000
40.6149  3.3333
40.6231  1.6667
40.6314  4.0000
40.6396  2.6667
40.6479  2.6667
40.6562  3.3333
40.6644  3.6667
40.6727  4.0000
40.6809  4.3333
40.6892  4.6667
40.6975  4.3333
40.7057  4.6667
40.7140  4.3333
40.7222  5.0000
40.7305  4.6667
40.7388  7.0000
40.7470  7.0000
40.7553  7.3333
40.7635  8.0000
40.7718  5.6667
40.7801  6.6667
40.7883  9.6667
40.7966  8.6667
40.8048  4.3333
40.8131  7.0000
40.8214  7.3333
40.8296 10.0000
40.8379 10.0000
40.8461 10.6667
40.8544  7.6667
40.8627  8.0000
40.8709 10.0000
40.8792 13.6667
40.8874  8.3333
40.8957 10.6667
40.9040 11.0000
40.9122 10.0000
40.9205  8.6667
40.9287  5.6667
40.9370  6.6667
40.9453  7.6667
40.9535  8.6667
40.9618  6.6667
40.9700  7.3333
40.9783  4.6667
40.9866  6.6667
40.9948  6.3333
41.0031  3.0000
41.0113  5.3333
41.0196  5.6667
41.0279  5.6667
41.0361  5.6667
41.0444  5.3333
41.0526  3.6667
41.0609  6.3333
41.0692  2.6667
41.0774  6.6667
41.0857  2.6667
41.0939  4.3333
41.1022  4.6667
41.1105  4.3333
41.1187  2.0000
41.1270  2.3333
41.1352  1.6667
41.1435  1.6667
41.1518  2.0000
41.1600  3.3333
41.1683  2.3333
41.1765  2.3333
41.1848  2.3333
41.1931  2.6667
41.2013  1.6667
41.2096  2.3333
41.2178  2.3333
41.2261  5.3333
41.2344  3.3333
41.2426  1.0000
41.2509  3.6667
41.2591  3.0000
41.2674  1.6667
41.2757  3.3333
41.2839  3.3333
41.2922  1.0000
41.3004  1.6667
41.3087  1.3333
41.3170  2.3333
41.3252  1.0000
41.3335  2.6667
41.3417  1.6667
41.3500  1.6667
41.3583  2.3333
41.3665  3.3333
41.3748  1.0000
41.3830  3.3333
41.3913  0.6667
41.3996  2.0000
41.4078  4.0000
41.4161  1.6667
41.4243  2.0000
41.4326  3.6667
41.4409  2.3333
41.4491  1.3333
41.4574  1.6667
41.4656  2.6667
41.4739  2.6667
41.4822  4.0000
41.4904  2.6667
41.4987  2.0000
41.5069  4.6667
41.5152  3.3333
41.5235  4.0000
41.5317  2.6667
41.5400  5.0000
41.5482  3.6667
41.5565  7.3333
41.5648  9.0000
41.5730  6.6667
41.5813  6.3333
41.5895  6.0000
41.5978  8.0000
41.6061  7.3333
41.6143 10.0000
41.6226  9.6667
41.6308 11.3333
41.6391 10.6667
41.6474 17.0000
41.6556 12.6667
41.6639 15.3333
41.6721 16.3333
41.6804 17.3333
41.6887 21.6667
41.6969 34.0000
41.7052 32.3333
41.7134 23.6667
41.7217 31.3333
41.7300 42.0000
41.7382 42.6667
41.7465 56.6667
41.7547 52.6667
41.7630 55.0000
41.7713 60.6667
41.7795 58.3333
41.7878 66.3333
41.7960 84.3333
41.8043 76.0000
41.8126 88.6667
41.8208 96.3333
41.8291 101.0000
41.8373 96.3333
41.8456 99.3333
41.8539 99.6667
41.8621 113.3333
41.8704 106.6667
41.8786 119.0000
41.8869 118.6667
41.8952 123.6667
41.9034 123.6667
41.9117 139.3333
41.9199 122.6667
41.9282 119.0000
41.9365 120.3333
41.9447 123.3333
41.9530 119.3333
41.9612 123.6667
41.9695 123.6667
41.9778 109.6667
41.9860 109.6667
41.9943 97.6667
42.0025 95.0000
42.0108 91.0000
42.0191 81.6667
42.0273 70.0000
42.0356 67.6667
42.0438 59.3333
42.0521 45.0000
42.0604 43.3333
42.0686 38.6667
42.0769 39.3333
42.0851 37.0000
42.0934 27.6667
42.1017 26.0000
42.1099 22.6667
42.1182 17.6667
42.1264 15.6667
42.1347 18.0000
42.1430 15.6667
42.1512 16.3333
42.1595 10.0000
42.1677 11.3333
42.1760  9.3333
42.1843  9.0000
42.1925 10.6667
42.2008  8.0000
42.2090  9.6667
42.2173  6.0000
42.2256  4.0000
42.2338  2.3333
42.2421  3.6667
42.2503  4.6667
42.2586  4.3333
42.2669  3.3333
42.2751  2.0000
42.2834  2.6667
42.2916  4.0000
42.2999  4.6667
42.3082  2.6667
42.3164  4.3333
42.3247  3.6667
42.3329  2.0000
42.3412  1.6667
42.3495  2.0000
42.3577  2.0000
42.3660  2.0000
42.3742  2.3333
42.3825  1.3333
42.3908  3.6667
42.3990  3.0000
42.4073  0.6667
42.4155  2.0000
42.4238  2.3333
42.4321  1.3333
42.4403  2.0000
42.4486  1.3333
42.4568  1.6667
42.4651  1.3333
42.4734  1.6667
42.4816  2.0000
42.4899  2.3333
42.4981  0.3333
42.5064  2.6667
42.5147  1.6667
42.5229  1.3333
42.5312  1.0000
42.5394  0.0000
42.5477  2.0000
42.5560  2.0000
42.5642  1.3333
42.5725  1.6667
42.5807  1.0000
42.5890  1.3333
42.5973  2.0000
42.6055  0.6667
42.6138  1.3333
42.6220  0.6667
42.6303  1.3333
42.6386  1.3333
42.6468  2.0000
42.6551  2.0000
42.6633  0.6667
42.6716  1.3333
42.6799  1.0000
42.6881  0.6667
42.6964  1.3333
42.7046  1.3333
42.7129  1.6667
42.7212  1.3333
42.7294  1.3333
42.7377  1.3333
42.7459  1.0000
42.7542  2.3333
42.7625  1.0000
42.7707  1.0000
42.7790  1.0000
42.7872  0.0000
42.7955  0.3333
42.8038  1.6667
42.8120  2.0000
42.8203  1.0000
42.8285  1.3333
42.8368  1.0000
42.8451  0.3333
42.8533  0.3333
42.8616  0.6667
42.8698  0.6667
42.8781  0.3333
42.8864  0.6667
42.8946  0.3333
42.9029  1.3333
42.9111  1.0000
42.9194  1.0000
42.9277  0.3333
42.9359  1.6667
42.9442  0.6667
42.9524  2.0000
42.9607  0.6667
42.9690  0.3333
42.9772  1.0000
42.9855  0.6667
42.9937  0.6667
43.0020  0.6667
43.0103  0.3333
43.0185  0.6667
43.0268  0.0000
43.0350  0.3333
43.0433  0.3333
43.0516  0.6667
43.0598  1.3333
43.0681  0.3333
43.0763  1.3333
43.0846  0.3333
43.0929  0.3333
43.1011  0.0000
43.1094  0.3333
43.1176  0.3333
43.1259  0.3333
43.1342  0.3333
43.1424  0.0000
43.1507  0.0000
43.1589  0.0000
43.1672  0.6667
43.1755  0.3333
43.1837  0.3333
43.1920  0.3333
43.2002  0.0000
43.2085  0.3333
43.2168  0.3333
43.2250  0.0000
43.2333  0.0000
43.2415  0.3333
43.2498  0.3333
43.2581  0.6667
