89.4950  1.0000
89.5033  0.0000
89.5115  0.0000
89.5198  1.0000
89.5281  0.0000
89.5363  0.0000
89.5446  0.0000
89.5528  1.0000
89.5611  1.0000
89.5694  1.0000
89.5776  1.0000
89.5859  0.0000
89.5941  0.0000
89.6024  0.0000
89.6107  0.0000
89.6189  0.0000
89.6272  0.0000
89.6354  1.0000
89.6437  0.0000
89.6520  2.0000
89.6602  0.0000
89.6685  2.0000
89.6767  1.0000
89.6850  1.0000
89.6933  1.0000
89.7015  4.0000
89.7098  1.0000
89.7180  1.0000
89.7263  2.0000
89.7346  2.0000
89.7428  2.0000
89.7511  2.0000
89.7593  1.0000
89.7676  1.0000
89.7759  1.0000
89.7841  0.0000
89.7924  1.0000
89.8006  1.0000
89.8089  1.0000
89.8172  0.0000
89.8254  1.0000
89.8337  0.0000
89.8419  1.0000
89.8502  1.0000
89.8585  1.0000
89.8667  1.0000
89.8750  0.0000
89.8832  0.0000
89.8915  0.0000
89.8998  1.0000
89.9080  1.0000
89.9163  2.0000
89.9245  1.0000
89.9328  2.0000
89.9411  1.0000
89.9493  2.0000
89.9576  4.0000
89.9658  2.0000
89.9741  1.0000
89.9824  2.0000
89.9906  2.0000
89.9989  5.0000
90.0071  2.0000
90.0154  0.0000
90.0237  1.0000
90.0319  0.0000
90.0402  2.0000
90.0484  2.0000
90.0567  1.0000
90.0650  0.0000
90.0732  0.0000
90.0815  1.0000
90.0897  1.0000
90.0980  1.0000
90.1063  0.0000
90.1145  1.0000
90.1228  3.0000
90.1310  1.0000
90.1393  1.0000
90.1476  4.0000
90.1558  4.0000
90.1641  3.0000
90.1723  3.0000
90.1806  0.0000
90.1889  0.0000
90.1971  4.0000
90.2054  0.0000
90.2136  1.0000
90.2219  3.0000
90.2302  3.0000
90.2384  1.0000
90.2467  3.0000
90.2549  1.0000
90.2632  3.0000
90.2715  0.0000
90.2797  3.0000
90.2880  5.0000
90.2962  2.0000
90.3045  1.0000
90.3128  4.0000
90.3210  4.0000
90.3293  4.0000
90.3375  5.0000
90.3458  7.0000
90.3541  1.0000
90.3623  5.0000
90.3706  3.0000
90.3788  2.0000
90.3871  2.0000
90.3954  4.0000
90.4036  1.0000
90.4119  2.0000
90.4201  4.0000
90.4284  2.0000
90.4367  5.0000
90.4449  4.0000
90.4532  2.0000
90.4614  2.0000
90.4697  5.0000
90.4780  3.0000
90.4862  2.0000
90.4945  2.0000
90.5027  3.0000
90.5110  5.0000
90.5193  4.0000
90.5275  1.0000
90.5358  1.0000
90.5440  1.0000
90.5523  2.0000
90.5606  2.0000
90.5688  2.0000
90.5771  2.0000
90.5853  4.0000
90.5936  6.0000
90.6019  4.0000
90.6101  3.0000
90.6184  1.0000
90.6266  4.0000
90.6349  1.0000
90.6432  2.0000
90.6514  6.0000
90.6597  4.0000
90.6679  3.0000
90.6762  6.0000
90.6845  1.0000
90.6927  2.0000
90.7010  3.0000
90.7092  9.0000
90.7175  2.0000
90.7258  2.0000
90.7340  7.0000
90.7423  7.0000
90.7505  7.0000
90.7588  3.0000
90.7671  4.0000
90.7753  8.0000
90.7836  1.0000
90.7918  7.0000
90.8001  6.0000
90.8084  7.0000
90.8166  6.0000
90.8249  6.0000
90.8331  4.0000
90.8414  4.0000
90.8497  7.0000
90.8579 11.0000
90.8662  2.0000
90.8744  9.0000
90.8827  7.0000
90.8910  6.0000
90.8992 10.0000
90.9075  8.0000
90.9157  7.0000
90.9240 10.0000
90.9323  3.0000
90.9405 12.0000
90.9488  9.0000
90.9570 12.0000
90.9653 11.0000
90.9736  9.0000
90.9818  9.0000
90.9901 13.0000
90.9983  9.0000
91.0066 10.0000
91.0149  7.0000
91.0231 15.0000
91.0314 10.0000
91.0396 16.0000
91.0479 13.0000
91.0562 11.0000
91.0644 15.0000
91.0727 14.0000
91.0809  8.0000
91.0892 16.0000
91.0975 24.0000
91.1057 23.0000
91.1140 18.0000
91.1222 14.0000
91.1305 16.0000
91.1388 21.0000
91.1470 21.0000
91.1553 17.0000
91.1635 27.0000
91.1718 22.0000
91.1801 16.0000
91.1883 22.0000
91.1966 16.0000
91.2048 22.0000
91.2131 22.0000
91.2214 39.0000
91.2296 32.0000
91.2379 21.0000
91.2461 27.0000
91.2544 40.0000
91.2627 29.0000
91.2709 37.0000
91.2792 34.0000
91.2874 38.0000
91.2957 37.0000
91.3040 33.0000
91.3122 38.0000
91.3205 38.0000
91.3287 44.0000
91.3370 41.0000
91.3453 32.0000
91.3535 41.0000
91.3618 33.0000
91.3700 37.0000
91.3783 46.0000
91.3866 54.0000
91.3948 55.0000
91.4031 35.0000
91.4113 44.0000
91.4196 35.0000
91.4279 34.0000
91.4361 47.0000
91.4444 51.0000
91.4526 45.0000
91.4609 53.0000
91.4692 50.0000
91.4774 41.0000
91.4857 42.0000
91.4939 38.0000
91.5022 51.0000
91.5105 57.0000
91.5187 55.0000
91.5270 39.0000
91.5352 39.0000
91.5435 45.0000
91.5518 43.0000
91.5600 34.0000
91.5683 55.0000
91.5765 49.0000
91.5848 43.0000
91.5931 39.0000
91.6013 39.0000
91.6096 43.0000
91.6178 53.0000
91.6261 36.0000
91.6344 37.0000
91.6426 35.0000
91.6509 35.0000
91.6591 34.0000
91.6674 37.0000
91.6757 42.0000
91.6839 33.0000
91.6922 35.0000
91.7004 21.0000
91.7087 27.0000
91.7170 42.0000
91.7252 30.0000
91.7335 21.0000
91.7417 28.0000
91.7500 26.0000
91.7583 31.0000
91.7665 30.0000
91.7748 17.0000
91.7830 21.0000
91.7913 21.0000
91.7996 29.0000
91.8078 18.0000
91.8161 26.0000
91.8243 18.0000
91.8326 13.0000
91.8409 22.0000
91.8491 27.0000
91.8574 24.0000
91.8656 14.0000
91.8739 25.0000
91.8822 12.0000
91.8904 15.0000
91.8987 22.0000
91.9069 18.0000
91.9152 11.0000
91.9235 17.0000
91.9317 16.0000
91.9400 14.0000
91.9482 11.0000
91.9565 13.0000
91.9648 15.0000
91.9730 12.0000
91.9813  8.0000
91.9895  9.0000
91.9978 11.0000
92.0061 13.0000
92.0143  9.0000
92.0226  3.0000
92.0308 13.0000
92.0391  5.0000
92.0474 11.0000
92.0556  5.0000
92.0639  7.0000
92.0721 12.0000
92.0804  7.0000
92.0887 12.0000
92.0969  7.0000
92.1052  8.0000
92.1134  4.0000
92.1217  8.0000
92.1300  5.0000
92.1382  7.0000
92.1465  6.0000
92.1547  6.0000
92.1630  8.0000
92.1713  5.0000
92.1795  2.0000
92.1878  3.0000
92.1960  5.0000
92.2043  7.0000
92.2126  7.0000
92.2208 12.0000
92.2291  2.0000
92.2373  2.0000
92.2456  4.0000
92.2539  1.0000
92.2621  6.0000
92.2704  5.0000
92.2786  5.0000
92.2869  0.0000
92.2952  4.0000
92.3034  4.0000
92.3117  3.0000
92.3199  4.0000
92.3282  5.0000
92.3365  4.0000
92.3447  4.0000
92.3530  4.0000
92.3612  2.0000
92.3695  2.0000
92.3778  4.0000
92.3860  2.0000
92.3943  0.0000
92.4025  4.0000
92.4108  2.0000
92.4191  4.0000
92.4273  2.0000
92.4356  3.0000
92.4438  2.0000
92.4521  2.0000
92.4604  4.0000
92.4686  4.0000
92.4769  0.0000
92.4851  0.0000
92.4934  1.0000
92.5017  0.0000
92.5099  3.0000
92.5182  1.0000
92.5264  2.0000
92.5347  1.0000
92.5430  1.0000
92.5512  2.0000
92.5595  0.0000
92.5677  0.0000
92.5760  3.0000
92.5843  2.0000
92.5925  2.0000
92.6008  1.0000
92.6090  3.0000
92.6173  4.0000
92.6256  6.0000
92.6338  6.0000
92.6421  0.0000
92.6503  3.0000
92.6586  2.0000
92.6669  2.0000
92.6751  1.0000
92.6834  3.0000
92.6916  5.0000
92.6999  1.0000
92.7082  0.0000
92.7164  0.0000
92.7247  2.0000
92.7329  1.0000
92.7412  1.0000
92.7495  1.0000
92.7577  0.0000
92.7660  2.0000
92.7742  0.0000
92.7825  2.0000
92.7908  1.0000
92.7990  3.0000
92.8073  3.0000
92.8155  0.0000
92.8238  4.0000
92.8321  2.0000
92.8403  1.0000
92.8486  2.0000
92.8568  3.0000
92.8651  3.0000
92.8734  2.0000
92.8816  4.0000
92.8899  2.0000
92.8981  0.0000
92.9064  2.0000
92.9147  4.0000
92.9229  3.0000
92.9312  0.0000
92.9394  1.0000
92.9477  1.0000
92.9560  4.0000
92.9642  1.0000
92.9725  0.0000
92.9807  2.0000
92.9890  0.0000
92.9973  1.0000
93.0055  0.0000
93.0138  1.0000
93.0220  1.0000
93.0303  1.0000
93.0386  0.0000
93.0468  0.0000
93.0551  2.0000
93.0633  1.0000
93.0716  0.0000
93.0799  1.0000
93.0881  1.0000
93.0964  1.0000
93.1046  0.0000
93.1129  3.0000
93.1212  1.0000
93.1294  0.0000
93.1377  3.0000
93.1459  1.0000
93.1542  2.0000
93.1625  1.0000
93.1707  2.0000
93.1790  0.0000
93.1872  0.0000
93.1955  0.0000
93.2038  2.0000
93.2120  0.0000
93.2203  0.0000
93.2285  0.0000
93.2368  2.0000
93.2451  0.0000
93.2533  1.0000
93.2616  2.0000
93.2698  2.0000
93.2781  0.0000
93.2864  1.0000
93.2946  0.0000
93.3029  2.0000
93.3111  0.0000
93.3194  2.0000
93.3277  1.0000
93.3359  0.0000
93.3442  2.0000
93.3524  1.0000
93.3607  0.0000
93.3690  2.0000
93.3772  2.0000
93.3855  1.0000
93.3937  0.0000
93.4020  3.0000
93.4103  0.0000
93.4185  2.0000
93.4268  0.0000
93.4350  0.0000
93.4433  0.0000
93.4516  0.0000
93.4598  0.0000
93.4681  1.0000
93.4763  1.0000
93.4846  1.0000
93.4929  2.0000
93.5011  2.0000
93.5094  3.0000
93.5176  1.0000
93.5259  1.0000
93.5342  1.0000
93.5424  0.0000
93.5507  1.0000
93.5589  0.0000
93.5672  1.0000
93.5755  1.0000
93.5837  0.0000
93.5920  1.0000
