39.1281  0.3333
39.1363  0.0000
39.1446  0.3333
39.1528  0.0000
39.1611  0.0000
39.1694  0.0000
39.1776  0.0000
39.1859  0.0000
39.1941  0.0000
39.2024  0.3333
39.2107  0.0000
39.2189  0.3333
39.2272  0.3333
39.2354  0.0000
39.2437  0.0000
39.2520  0.3333
39.2602  0.3333
39.2685  0.0000
39.2767  0.3333
39.2850  0.0000
39.2933  0.0000
39.3015  0.3333
39.3098  0.0000
39.3180  0.0000
39.3263  0.6667
39.3346  0.3333
39.3428  0.3333
39.3511  0.3333
39.3593  0.3333
39.3676  0.3333
39.3759  0.0000
39.3841  0.3333
39.3924  0.3333
39.4006  1.0000
39.4089  0.0000
39.4172  0.0000
39.4254  0.0000
39.4337  0.3333
39.4419  0.6667
39.4502  0.0000
39.4585  1.0000
39.4667  0.6667
39.4750  0.6667
39.4832  1.0000
39.4915  0.0000
39.4998  0.6667
39.5080  0.6667
39.5163  0.0000
39.5245  0.6667
39.5328  1.0000
39.5411  0.0000
39.5493  1.3333
39.5576  0.0000
39.5658  0.3333
39.5741  0.3333
39.5824  0.3333
39.5906  0.0000
39.5989  0.0000
39.6071  0.3333
39.6154  0.3333
39.6237  0.0000
39.6319  0.3333
39.6402  0.3333
39.6484  0.3333
39.6567  0.3333
39.6650  0.3333
39.6732  0.0000
39.6815  1.0000
39.6897  1.0000
39.6980  0.3333
39.7063  0.6667
39.7145  0.0000
39.7228  0.3333
39.7310  0.3333
39.7393  0.6667
39.7476  0.6667
39.7558  0.0000
39.7641  0.3333
39.7723  1.0000
39.7806  0.3333
39.7889  1.3333
39.7971  0.0000
39.8054  1.0000
39.8136  0.0000
39.8219  0.6667
39.8302  0.6667
39.8384  0.0000
39.8467  0.6667
39.8549  0.6667
39.8632  0.3333
39.8715  1.0000
39.8797  0.6667
39.8880  1.3333
39.8962  0.0000
39.9045  0.3333
39.9128  0.3333
39.9210  1.0000
39.9293  0.6667
39.9375  1.3333
39.9458  0.3333
39.9541  0.3333
39.9623  0.3333
39.9706  1.0000
39.9788  0.6667
39.9871  0.3333
39.9954  0.3333
40.0036  0.0000
40.0119  0.0000
40.0201  1.3333
40.0284  0.0000
40.0367  0.3333
40.0449  0.3333
40.0532  1.0000
40.0614  0.3333
40.0697  0.6667
40.0780  0.6667
40.0862  0.6667
40.0945  0.0000
40.1027  0.0000
40.1110  0.0000
40.1193  0.3333
40.1275  0.0000
40.1358  0.0000
40.1440  0.6667
40.1523  1.3333
40.1606  0.3333
40.1688  1.3333
40.1771  0.0000
40.1853  0.0000
40.1936  0.6667
40.2019  0.3333
40.2101  0.3333
40.2184  1.6667
40.2266  1.0000
40.2349  0.6667
40.2432  0.3333
40.2514  0.0000
40.2597  0.3333
40.2679  0.6667
40.2762  1.6667
40.2845  1.0000
40.2927  0.3333
40.3010  1.0000
40.3092  0.6667
40.3175  1.0000
40.3258  0.6667
40.3340  0.3333
40.3423  0.6667
40.3505  1.0000
40.3588  0.6667
40.3671  0.3333
40.3753  0.3333
40.3836  1.0000
40.3918  0.6667
40.4001  1.0000
40.4084  1.0000
40.4166  0.6667
40.4249  0.6667
40.4331  0.6667
40.4414  0.0000
40.4497  0.6667
40.4579  1.0000
40.4662  0.6667
40.4744  1.3333
40.4827  0.6667
40.4910  0.6667
40.4992  2.0000
40.5075  1.0000
40.5157  2.3333
40.5240  1.3333
40.5323  1.0000
40.5405  1.3333
40.5488  0.6667
40.5570  0.6667
40.5653  1.0000
40.5736  1.3333
40.5818  2.6667
40.5901  1.6667
40.5983  0.6667
40.6066  1.0000
40.6149  1.3333
40.6231  1.0000
40.6314  2.3333
40.6396  3.3333
40.6479  1.6667
40.6562  2.3333
40.6644  2.6667
40.6727  3.0000
40.6809  3.6667
40.6892  2.6667
40.6975  4.6667
40.7057  3.6667
40.7140  8.0000
40.7222  5.3333
40.7305  3.6667
40.7388  4.6667
40.7470  5.6667
40.7553  8.3333
40.7635  7.3333
40.7718 10.0000
40.7801 11.6667
40.7883  6.3333
40.7966  7.0000
40.8048 10.0000
40.8131  7.6667
40.8214  9.6667
40.8296  9.6667
40.8379 11.6667
40.8461 12.3333
40.8544 11.6667
40.8627 13.3333
40.8709 15.3333
40.8792 10.3333
40.8874 14.0000
40.8957 16.3333
40.9040 14.3333
40.9122 13.6667
40.9205 15.0000
40.9287 13.3333
40.9370 13.3333
40.9453  7.6667
40.9535 11.0000
40.9618 13.6667
40.9700  7.6667
40.9783  8.0000
40.9866  6.6667
40.9948  6.0000
41.0031  6.0000
41.0113  6.0000
41.0196  4.6667
41.0279  5.0000
41.0361  5.3333
41.0444  4.3333
41.0526  2.0000
41.0609  4.3333
41.0692  5.0000
41.0774  2.6667
41.0857  2.3333
41.0939  2.0000
41.1022  3.3333
41.1105  2.0000
41.1187  1.6667
41.1270  3.3333
41.1352  1.6667
41.1435  2.6667
41.1518  2.6667
41.1600  1.3333
41.1683  3.0000
41.1765  1.3333
41.1848  3.6667
41.1931  1.6667
41.2013  1.0000
41.2096  1.3333
41.2178  0.6667
41.2261  1.6667
41.2344  1.0000
41.2426  1.0000
41.2509  0.6667
41.2591  1.3333
41.2674  2.0000
41.2757  1.0000
41.2839  1.3333
41.2922  1.3333
41.3004  1.6667
41.3087  0.6667
41.3170  0.6667
41.3252  1.0000
41.3335  0.3333
41.3417  2.3333
41.3500  0.3333
41.3583  1.3333
41.3665  2.3333
41.3748  1.0000
41.3830  2.6667
41.3913  1.0000
41.3996  3.0000
41.4078  0.6667
41.4161  1.3333
41.4243  2.0000
41.4326  2.3333
41.4409  1.3333
41.4491  0.6667
41.4574  2.3333
41.4656  2.0000
41.4739  1.6667
41.4822  2.0000
41.4904  3.0000
41.4987  1.3333
41.5069  3.0000
41.5152  2.6667
41.5235  2.0000
41.5317  2.0000
41.5400  2.0000
41.5482  2.3333
41.5565  5.6667
41.5648  3.0000
41.5730  4.0000
41.5813  3.3333
41.5895  3.6667
41.5978  4.6667
41.6061  4.6667
41.6143  5.0000
41.6226  4.3333
41.6308  6.0000
41.6391  5.6667
41.6474  6.3333
41.6556  7.3333
41.6639  8.3333
41.6721  8.6667
41.6804 11.6667
41.6887 13.6667
41.6969 10.3333
41.7052 16.0000
41.7134 19.6667
41.7217 22.0000
41.7300 21.3333
41.7382 21.3333
41.7465 26.3333
41.7547 34.3333
41.7630 35.3333
41.7713 39.3333
41.7795 42.3333
41.7878 50.6667
41.7960 57.6667
41.8043 48.6667
41.8126 63.0000
41.8208 70.6667
41.8291 76.0000
41.8373 88.0000
41.8456 75.6667
41.8539 86.3333
41.8621 96.3333
41.8704 97.0000
41.8786 103.3333
41.8869 104.0000
41.8952 107.3333
41.9034 114.6667
41.9117 126.3333
41.9199 125.0000
41.9282 120.3333
41.9365 125.3333
41.9447 126.3333
41.9530 130.3333
41.9612 129.3333
41.9695 129.3333
41.9778 132.3333
41.9860 114.6667
41.9943 110.0000
42.0025 118.3333
42.0108 94.3333
42.0191 94.6667
42.0273 98.6667
42.0356 85.3333
42.0438 79.6667
42.0521 76.0000
42.0604 68.0000
42.0686 54.0000
42.0769 50.0000
42.0851 45.3333
42.0934 41.3333
42.1017 37.0000
42.1099 27.3333
42.1182 30.3333
42.1264 22.0000
42.1347 21.3333
42.1430 17.3333
42.1512 17.0000
42.1595 14.0000
42.1677 14.0000
42.1760 12.0000
42.1843 14.0000
42.1925  8.6667
42.2008  6.3333
42.2090  8.6667
42.2173  5.3333
42.2256  5.0000
42.2338  4.3333
42.2421  4.0000
42.2503  2.6667
42.2586  3.6667
42.2669  4.6667
42.2751  1.6667
42.2834  3.0000
42.2916  3.3333
42.2999  3.6667
42.3082  2.0000
42.3164  3.6667
42.3247  2.3333
42.3329  2.3333
42.3412  3.0000
42.3495  3.0000
42.3577  3.3333
42.3660  1.3333
42.3742  1.6667
42.3825  1.6667
42.3908  1.0000
42.3990  3.0000
42.4073  3.0000
42.4155  1.3333
42.4238  2.3333
42.4321  2.6667
42.4403  2.3333
42.4486  2.0000
42.4568  1.6667
42.4651  1.6667
42.4734  2.0000
42.4816  1.3333
42.4899  1.3333
42.4981  2.6667
42.5064  1.6667
42.5147  1.3333
42.5229  2.0000
42.5312  1.0000
42.5394  1.0000
42.5477  1.3333
42.5560  0.6667
42.5642  1.0000
42.5725  1.3333
42.5807  1.0000
42.5890  1.6667
42.5973  1.3333
42.6055  2.6667
42.6138  1.3333
42.6220  1.0000
42.6303  0.0000
42.6386  0.3333
42.6468  0.3333
42.6551  1.0000
42.6633  0.3333
42.6716  2.6667
42.6799  0.6667
42.6881  1.0000
42.6964  0.0000
42.7046  2.0000
42.7129  0.6667
42.7212  1.6667
42.7294  2.0000
42.7377  2.3333
42.7459  0.6667
42.7542  1.6667
42.7625  0.6667
42.7707  2.0000
42.7790  1.3333
42.7872  1.6667
42.7955  1.3333
42.8038  1.0000
42.8120  1.0000
42.8203  0.6667
42.8285  0.3333
42.8368  1.6667
42.8451  1.6667
42.8533  1.0000
42.8616  1.6667
42.8698  1.6667
42.8781  1.0000
42.8864  0.0000
42.8946  1.0000
42.9029  0.3333
42.9111  1.3333
42.9194  0.6667
42.9277  0.6667
42.9359  0.3333
42.9442  1.3333
42.9524  1.3333
42.9607  1.0000
42.9690  1.0000
42.9772  1.0000
42.9855  0.3333
42.9937  1.3333
43.0020  0.6667
43.0103  1.0000
43.0185  0.6667
43.0268  1.0000
43.0350  0.3333
43.0433  0.3333
43.0516  0.6667
43.0598  0.6667
43.0681  0.6667
43.0763  0.3333
43.0846  1.0000
43.0929  1.0000
43.1011  1.0000
43.1094  0.0000
43.1176  0.0000
43.1259  0.3333
43.1342  0.6667
43.1424  0.0000
43.1507  0.3333
43.1589  0.6667
43.1672  0.6667
43.1755  0.0000
43.1837  0.0000
43.1920  0.0000
43.2002  1.0000
43.2085  0.3333
43.2168  0.3333
