58.5859  0.3333
58.5941  0.0000
58.6024  0.0000
58.6107  0.0000
58.6189  0.0000
58.6272  0.0000
58.6354  0.0000
58.6437  0.0000
58.6520  0.0000
58.6602  0.3333
58.6685  0.6667
58.6767  0.3333
58.6850  0.0000
58.6933  0.3333
58.7015  0.0000
58.7098  0.6667
58.7180  0.0000
58.7263  0.0000
58.7346  0.3333
58.7428  0.0000
58.7511  0.3333
58.7593  0.3333
58.7676  0.6667
58.7759  0.3333
58.7841  0.0000
58.7924  1.0000
58.8006  0.0000
58.8089  0.6667
58.8172  0.0000
58.8254  0.6667
58.8337  0.0000
58.8419  0.0000
58.8502  0.3333
58.8585  0.0000
58.8667  0.0000
58.8750  0.0000
58.8832  0.0000
58.8915  0.6667
58.8998  1.3333
58.9080  0.6667
58.9163  0.3333
58.9245  0.3333
58.9328  0.0000
58.9411  0.3333
58.9493  1.6667
58.9576  0.3333
58.9658  0.6667
58.9741  0.3333
58.9824  0.3333
58.9906  0.6667
58.9989  0.0000
59.0071  0.6667
59.0154  0.3333
59.0237  0.0000
59.0319  1.0000
59.0402  0.6667
59.0484  0.6667
59.0567  0.3333
59.0650  0.3333
59.0732  0.6667
59.0815  0.0000
59.0897  0.3333
59.0980  0.0000
59.1063  0.0000
59.1145  0.0000
59.1228  0.0000
59.1310  0.3333
59.1393  0.6667
59.1476  0.0000
59.1558  0.3333
59.1641  0.6667
59.1723  0.0000
59.1806  0.0000
59.1889  0.3333
59.1971  0.0000
59.2054  0.6667
59.2136  0.3333
59.2219  0.3333
59.2302  0.6667
59.2384  1.3333
59.2467  1.0000
59.2549  0.3333
59.2632  1.0000
59.2715  0.3333
59.2797  0.0000
59.2880  0.3333
59.2962  0.0000
59.3045  0.3333
59.3128  0.6667
59.3210  0.6667
59.3293  0.3333
59.3375  1.0000
59.3458  0.3333
59.3541  1.0000
59.3623  1.0000
59.3706  1.0000
59.3788  0.0000
59.3871  0.0000
59.3954  0.3333
59.4036  0.6667
59.4119  0.0000
59.4201  0.0000
59.4284  0.3333
59.4367  0.3333
59.4449  0.3333
59.4532  0.0000
59.4614  0.3333
59.4697  1.0000
59.4780  0.0000
59.4862  1.3333
59.4945  0.6667
59.5027  0.3333
59.5110  0.3333
59.5193  1.3333
59.5275  1.0000
59.5358  0.3333
59.5440  0.3333
59.5523  0.6667
59.5606  0.3333
59.5688  0.3333
59.5771  0.0000
59.5853  0.3333
59.5936  0.0000
59.6019  0.0000
59.6101  0.3333
59.6184  0.0000
59.6266  0.0000
59.6349  0.3333
59.6432  0.3333
59.6514  0.3333
59.6597  0.3333
59.6679  0.3333
59.6762  0.3333
59.6845  0.0000
59.6927  0.0000
59.7010  0.3333
59.7092  0.3333
59.7175  0.6667
59.7258  1.0000
59.7340  0.0000
59.7423  0.6667
59.7505  0.0000
59.7588  0.0000
59.7671  0.6667
59.7753  0.3333
59.7836  1.0000
59.7918  0.0000
59.8001  0.3333
59.8084  0.3333
59.8166  0.3333
59.8249  0.3333
59.8331  0.6667
59.8414  0.3333
59.8497  0.6667
59.8579  0.6667
59.8662  0.0000
59.8744  0.6667
59.8827  0.3333
59.8910  0.0000
59.8992  0.3333
59.9075  0.0000
59.9157  0.0000
59.9240  0.3333
59.9323  0.3333
59.9405  0.0000
59.9488  0.3333
59.9570  0.3333
59.9653  0.6667
59.9736  0.0000
59.9818  0.6667
59.9901  0.0000
59.9983  0.0000
60.0066  1.3333
60.0149  0.0000
60.0231  1.0000
60.0314  0.6667
60.0396  0.3333
60.0479  1.6667
60.0562  0.6667
60.0644  0.3333
60.0727  0.3333
60.0809  0.6667
60.0892  0.6667
60.0975  0.3333
60.1057  1.3333
60.1140  0.6667
60.1222  0.0000
60.1305  1.0000
60.1388  0.6667
60.1470  0.3333
60.1553  0.0000
60.1635  0.6667
60.1718  0.6667
60.1801  1.3333
60.1883  0.3333
60.1966  0.3333
60.2048  0.6667
60.2131  1.0000
60.2214  0.3333
60.2296  0.3333
60.2379  0.0000
60.2461  0.3333
60.2544  0.6667
60.2627  1.0000
60.2709  0.6667
60.2792  0.3333
60.2874  0.0000
60.2957  0.6667
60.3040  0.0000
60.3122  0.6667
60.3205  1.6667
60.3287  0.3333
60.3370  0.0000
60.3453  1.3333
60.3535  1.0000
60.3618  0.6667
60.3700  1.0000
60.3783  0.3333
60.3866  0.6667
60.3948  0.6667
60.4031  0.6667
60.4113  0.6667
60.4196  0.3333
60.4279  1.3333
60.4361  1.0000
60.4444  0.6667
60.4526  0.3333
60.4609  1.0000
60.4692  0.6667
60.4774  0.6667
60.4857  0.0000
60.4939  1.0000
60.5022  1.0000
60.5105  1.0000
60.5187  0.6667
60.5270  1.6667
60.5352  0.6667
60.5435  0.6667
60.5518  0.6667
60.5600  2.3333
60.5683  1.6667
60.5765  1.0000
60.5848  2.0000
60.5931  1.6667
60.6013  2.3333
60.6096  1.6667
60.6178  1.6667
60.6261  0.6667
60.6344  1.3333
60.6426  2.0000
60.6509  2.3333
60.6591  2.6667
60.6674  1.6667
60.6757  2.3333
60.6839  3.6667
60.6922  6.6667
60.7004  3.0000
60.7087  1.3333
60.7170  5.3333
60.7252  5.3333
60.7335  4.6667
60.7417  8.0000
60.7500  8.0000
60.7583  3.6667
60.7665  6.0000
60.7748  4.3333
60.7830  7.6667
60.7913  5.0000
60.7996  6.6667
60.8078  5.6667
60.8161  9.0000
60.8243  9.0000
60.8326  9.0000
60.8409  8.3333
60.8491  7.6667
60.8574 12.6667
60.8656 10.3333
60.8739  7.0000
60.8822  7.3333
60.8904 11.0000
60.8987 12.0000
60.9069 12.0000
60.9152 12.0000
60.9235  9.6667
60.9317  9.6667
60.9400 11.0000
60.9482 11.0000
60.9565 12.0000
60.9648  9.3333
60.9730  7.3333
60.9813 11.3333
60.9895  6.6667
60.9978  6.6667
61.0061  5.3333
61.0143  7.3333
61.0226  4.6667
61.0308  4.6667
61.0391  4.3333
61.0474  6.0000
61.0556  4.6667
61.0639  3.0000
61.0721  2.6667
61.0804  4.6667
61.0887  3.0000
61.0969  1.0000
61.1052  1.6667
61.1134  1.0000
61.1217  1.0000
61.1300  1.6667
61.1382  1.0000
61.1465  0.3333
61.1547  3.0000
61.1630  1.3333
61.1713  2.0000
61.1795  0.6667
61.1878  1.3333
61.1960  1.3333
61.2043  0.6667
61.2126  0.6667
61.2208  1.3333
61.2291  0.3333
61.2373  1.0000
61.2456  0.0000
61.2539  0.6667
61.2621  0.6667
61.2704  0.3333
61.2786  0.3333
61.2869  0.0000
61.2952  0.3333
61.3034  0.6667
61.3117  0.3333
61.3199  1.0000
61.3282  1.3333
61.3365  1.0000
61.3447  0.6667
61.3530  1.0000
61.3612  0.3333
61.3695  0.3333
61.3778  0.6667
61.3860  0.3333
61.3943  0.6667
61.4025  0.0000
61.4108  0.3333
61.4191  0.6667
61.4273  0.6667
61.4356  0.0000
61.4438  0.3333
61.4521  0.6667
61.4604  0.3333
61.4686  1.0000
61.4769  0.0000
61.4851  0.6667
61.4934  0.3333
61.5017  0.0000
61.5099  0.3333
61.5182  0.3333
61.5264  0.3333
61.5347  1.0000
61.5430  1.3333
61.5512  0.3333
61.5595  0.6667
61.5677  1.0000
61.5760  0.0000
61.5843  0.0000
61.5925  0.3333
61.6008  1.0000
61.6090  0.3333
61.6173  0.3333
61.6256  0.6667
61.6338  0.6667
61.6421  0.3333
61.6503  0.3333
61.6586  1.0000
61.6669  0.0000
61.6751  1.0000
61.6834  0.6667
61.6916  0.3333
61.6999  0.6667
61.7082  0.6667
61.7164  0.3333
61.7247  1.0000
61.7329  0.6667
61.7412  1.0000
61.7495  0.0000
61.7577  0.3333
61.7660  1.0000
61.7742  0.0000
61.7825  1.0000
61.7908  0.3333
61.7990  1.0000
61.8073  0.6667
61.8155  0.0000
61.8238  0.0000
61.8321  0.3333
61.8403  0.0000
61.8486  0.0000
61.8568  0.0000
61.8651  1.0000
61.8734  0.6667
61.8816  0.3333
61.8899  0.3333
61.8981  1.0000
61.9064  1.0000
61.9147  0.0000
61.9229  0.0000
61.9312  0.3333
61.9394  0.3333
61.9477  1.0000
61.9560  0.0000
61.9642  0.6667
61.9725  0.0000
61.9807  0.6667
61.9890  1.0000
61.9973  0.6667
62.0055  0.3333
62.0138  0.3333
62.0220  1.3333
62.0303  0.3333
62.0386  1.0000
62.0468  0.6667
62.0551  0.6667
62.0633  2.0000
62.0716  0.3333
62.0799  0.0000
62.0881  0.3333
62.0964  0.0000
62.1046  0.3333
62.1129  0.3333
62.1212  0.6667
62.1294  0.3333
62.1377  0.0000
62.1459  0.0000
62.1542  0.3333
62.1625  0.6667
62.1707  0.0000
62.1790  0.0000
62.1872  0.6667
62.1955  0.3333
62.2038  0.6667
62.2120  0.6667
62.2203  1.0000
62.2285  0.3333
62.2368  0.3333
62.2451  1.0000
62.2533  0.3333
62.2616  0.6667
62.2698  0.6667
62.2781  0.3333
62.2864  0.6667
62.2946  0.0000
62.3029  0.3333
62.3111  1.0000
62.3194  0.6667
62.3277  0.6667
62.3359  0.6667
62.3442  1.3333
62.3524  0.3333
62.3607  0.3333
62.3690  0.3333
62.3772  0.0000
62.3855  0.3333
62.3937  0.0000
62.4020  1.0000
62.4103  0.3333
62.4185  0.6667
62.4268  0.6667
62.4350  0.0000
62.4433  0.0000
62.4516  0.3333
62.4598  0.0000
62.4681  0.3333
62.4763  0.6667
62.4846  0.0000
62.4929  0.0000
62.5011  0.0000
62.5094  0.0000
62.5176  0.0000
62.5259  0.0000
62.5342  0.0000
62.5424  0.6667
62.5507  0.0000
62.5589  0.0000
62.5672  0.3333
62.5755  0.0000
62.5837  0.6667
62.5920  0.0000
62.6002  0.0000
62.6085  0.0000
62.6168  0.3333
62.6250  0.3333
