89.5198  1.0000
89.5281  0.0000
89.5363  0.0000
89.5446  0.0000
89.5528  0.0000
89.5611  1.0000
89.5694  0.0000
89.5776  0.0000
89.5859  0.0000
89.5941  0.0000
89.6024  0.0000
89.6107  0.0000
89.6189  1.0000
89.6272  1.0000
89.6354  2.0000
89.6437  0.0000
89.6520  3.0000
89.6602  2.0000
89.6685  1.0000
89.6767  1.0000
89.6850  0.0000
89.6933  0.0000
89.7015  2.0000
89.7098  0.0000
89.7180  2.0000
89.7263  1.0000
89.7346  1.0000
89.7428  0.0000
89.7511  3.0000
89.7593  0.0000
89.7676  0.0000
89.7759  3.0000
89.7841  2.0000
89.7924  0.0000
89.8006  1.0000
89.8089  1.0000
89.8172  2.0000
89.8254  1.0000
89.8337  2.0000
89.8419  3.0000
89.8502  2.0000
89.8585  3.0000
89.8667  3.0000
89.8750  2.0000
89.8832  0.0000
89.8915  1.0000
89.8998  0.0000
89.9080  1.0000
89.9163  4.0000
89.9245  3.0000
89.9328  0.0000
89.9411  2.0000
89.9493  1.0000
89.9576  4.0000
89.9658  2.0000
89.9741  0.0000
89.9824  2.0000
89.9906  2.0000
89.9989  1.0000
90.0071  5.0000
90.0154  3.0000
90.0237  2.0000
90.0319  2.0000
90.0402  1.0000
90.0484  1.0000
90.0567  1.0000
90.0650  1.0000
90.0732  0.0000
90.0815  1.0000
90.0897  1.0000
90.0980  4.0000
90.1063  3.0000
90.1145  6.0000
90.1228  5.0000
90.1310  1.0000
90.1393  2.0000
90.1476  9.0000
90.1558  1.0000
90.1641  1.0000
90.1723  5.0000
90.1806  7.0000
90.1889  3.0000
90.1971  5.0000
90.2054  7.0000
90.2136  3.0000
90.2219  1.0000
90.2302  5.0000
90.2384  4.0000
90.2467  4.0000
90.2549  3.0000
90.2632  6.0000
90.2715  3.0000
90.2797  4.0000
90.2880  2.0000
90.2962  4.0000
90.3045  8.0000
90.3128  3.0000
90.3210  4.0000
90.3293  5.0000
90.3375  5.0000
90.3458  3.0000
90.3541  5.0000
90.3623  1.0000
90.3706  5.0000
90.3788  3.0000
90.3871  5.0000
90.3954  0.0000
90.4036  4.0000
90.4119  1.0000
90.4201  2.0000
90.4284  5.0000
90.4367  5.0000
90.4449  1.0000
90.4532  6.0000
90.4614  5.0000
90.4697  2.0000
90.4780  4.0000
90.4862  5.0000
90.4945  5.0000
90.5027  3.0000
90.5110  3.0000
90.5193  1.0000
90.5275  5.0000
90.5358  7.0000
90.5440  3.0000
90.5523  4.0000
90.5606  5.0000
90.5688  6.0000
90.5771  5.0000
90.5853  8.0000
90.5936  3.0000
90.6019  9.0000
90.6101  4.0000
90.6184  4.0000
90.6266  3.0000
90.6349  4.0000
90.6432  2.0000
90.6514  5.0000
90.6597  7.0000
90.6679  4.0000
90.6762  6.0000
90.6845  4.0000
90.6927  4.0000
90.7010  5.0000
90.7092  8.0000
90.7175  4.0000
90.7258  4.0000
90.7340  9.0000
90.7423  1.0000
90.7505  6.0000
90.7588  7.0000
90.7671 10.0000
90.7753  7.0000
90.7836  8.0000
90.7918  5.0000
90.8001 13.0000
90.8084  8.0000
90.8166  5.0000
90.8249  7.0000
90.8331  7.0000
90.8414  8.0000
90.8497  6.0000
90.8579  7.0000
90.8662  8.0000
90.8744 12.0000
90.8827  9.0000
90.8910 10.0000
90.8992 10.0000
90.9075  6.0000
90.9157 10.0000
90.9240 15.0000
90.9323  7.0000
90.9405 13.0000
90.9488  3.0000
90.9570 13.0000
90.9653 19.0000
90.9736 15.0000
90.9818 17.0000
90.9901 12.0000
90.9983 17.0000
91.0066 10.0000
91.0149 18.0000
91.0231 20.0000
91.0314 17.0000
91.0396 20.0000
91.0479 12.0000
91.0562 15.0000
91.0644 19.0000
91.0727 20.0000
91.0809 21.0000
91.0892 18.0000
91.0975 21.0000
91.1057 14.0000
91.1140 24.0000
91.1222 19.0000
91.1305 27.0000
91.1388 24.0000
91.1470 27.0000
91.1553 20.0000
91.1635 23.0000
91.1718 23.0000
91.1801 26.0000
91.1883 41.0000
91.1966 32.0000
91.2048 27.0000
91.2131 42.0000
91.2214 33.0000
91.2296 40.0000
91.2379 33.0000
91.2461 42.0000
91.2544 34.0000
91.2627 30.0000
91.2709 27.0000
91.2792 44.0000
91.2874 49.0000
91.2957 33.0000
91.3040 24.0000
91.3122 49.0000
91.3205 52.0000
91.3287 36.0000
91.3370 47.0000
91.3453 46.0000
91.3535 41.0000
91.3618 36.0000
91.3700 41.0000
91.3783 40.0000
91.3866 45.0000
91.3948 33.0000
91.4031 43.0000
91.4113 41.0000
91.4196 46.0000
91.4279 52.0000
91.4361 40.0000
91.4444 43.0000
91.4526 54.0000
91.4609 48.0000
91.4692 44.0000
91.4774 47.0000
91.4857 45.0000
91.4939 50.0000
91.5022 47.0000
91.5105 33.0000
91.5187 43.0000
91.5270 39.0000
91.5352 53.0000
91.5435 42.0000
91.5518 49.0000
91.5600 38.0000
91.5683 42.0000
91.5765 40.0000
91.5848 30.0000
91.5931 45.0000
91.6013 37.0000
91.6096 47.0000
91.6178 34.0000
91.6261 37.0000
91.6344 28.0000
91.6426 36.0000
91.6509 34.0000
91.6591 32.0000
91.6674 41.0000
91.6757 40.0000
91.6839 42.0000
91.6922 35.0000
91.7004 30.0000
91.7087 24.0000
91.7170 26.0000
91.7252 29.0000
91.7335 21.0000
91.7417 34.0000
91.7500 30.0000
91.7583 21.0000
91.7665 28.0000
91.7748 24.0000
91.7830 14.0000
91.7913 19.0000
91.7996 22.0000
91.8078 24.0000
91.8161 20.0000
91.8243 11.0000
91.8326 23.0000
91.8409 24.0000
91.8491 22.0000
91.8574 23.0000
91.8656 25.0000
91.8739 18.0000
91.8822 21.0000
91.8904 24.0000
91.8987 18.0000
91.9069 15.0000
91.9152 17.0000
91.9235 19.0000
91.9317 13.0000
91.9400 18.0000
91.9482  8.0000
91.9565  9.0000
91.9648 11.0000
91.9730 13.0000
91.9813  2.0000
91.9895 10.0000
91.9978  8.0000
92.0061  6.0000
92.0143 13.0000
92.0226  8.0000
92.0308  5.0000
92.0391 11.0000
92.0474 11.0000
92.0556  5.0000
92.0639  7.0000
92.0721  8.0000
92.0804  7.0000
92.0887  8.0000
92.0969  5.0000
92.1052 12.0000
92.1134  6.0000
92.1217  6.0000
92.1300  4.0000
92.1382  4.0000
92.1465  6.0000
92.1547  7.0000
92.1630  6.0000
92.1713  2.0000
92.1795  3.0000
92.1878  7.0000
92.1960  6.0000
92.2043  5.0000
92.2126 10.0000
92.2208  9.0000
92.2291  4.0000
92.2373  2.0000
92.2456  2.0000
92.2539  6.0000
92.2621  4.0000
92.2704  6.0000
92.2786  3.0000
92.2869  3.0000
92.2952  5.0000
92.3034  4.0000
92.3117  7.0000
92.3199  3.0000
92.3282  8.0000
92.3365  4.0000
92.3447  1.0000
92.3530  2.0000
92.3612  4.0000
92.3695  2.0000
92.3778  3.0000
92.3860  3.0000
92.3943  3.0000
92.4025  2.0000
92.4108  2.0000
92.4191  0.0000
92.4273  2.0000
92.4356  3.0000
92.4438  1.0000
92.4521  5.0000
92.4604  2.0000
92.4686  3.0000
92.4769  4.0000
92.4851  0.0000
92.4934  4.0000
92.5017  0.0000
92.5099  0.0000
92.5182  0.0000
92.5264  3.0000
92.5347  2.0000
92.5430  3.0000
92.5512  1.0000
92.5595  2.0000
92.5677  1.0000
92.5760  2.0000
92.5843  1.0000
92.5925  1.0000
92.6008  3.0000
92.6090  1.0000
92.6173  2.0000
92.6256  3.0000
92.6338  1.0000
92.6421  2.0000
92.6503  0.0000
92.6586  1.0000
92.6669  1.0000
92.6751  3.0000
92.6834  2.0000
92.6916  3.0000
92.6999  1.0000
92.7082  4.0000
92.7164  1.0000
92.7247  1.0000
92.7329  3.0000
92.7412  3.0000
92.7495  2.0000
92.7577  4.0000
92.7660  2.0000
92.7742  1.0000
92.7825  1.0000
92.7908  0.0000
92.7990  1.0000
92.8073  1.0000
92.8155  1.0000
92.8238  3.0000
92.8321  1.0000
92.8403  0.0000
92.8486  0.0000
92.8568  1.0000
92.8651  1.0000
92.8734  1.0000
92.8816  1.0000
92.8899  2.0000
92.8981  3.0000
92.9064  3.0000
92.9147  1.0000
92.9229  1.0000
92.9312  4.0000
92.9394  1.0000
92.9477  0.0000
92.9560  2.0000
92.9642  2.0000
92.9725  0.0000
92.9807  1.0000
92.9890  0.0000
92.9973  2.0000
93.0055  0.0000
93.0138  2.0000
93.0220  1.0000
93.0303  1.0000
93.0386  5.0000
93.0468  1.0000
93.0551  4.0000
93.0633  4.0000
93.0716  1.0000
93.0799  3.0000
93.0881  0.0000
93.0964  0.0000
93.1046  0.0000
93.1129  0.0000
93.1212  2.0000
93.1294  0.0000
93.1377  3.0000
93.1459  2.0000
93.1542  3.0000
93.1625  0.0000
93.1707  0.0000
93.1790  1.0000
93.1872  2.0000
93.1955  1.0000
93.2038  1.0000
93.2120  1.0000
93.2203  2.0000
93.2285  1.0000
93.2368  0.0000
93.2451  1.0000
93.2533  4.0000
93.2616  0.0000
93.2698  0.0000
93.2781  1.0000
93.2864  0.0000
93.2946  2.0000
93.3029  1.0000
93.3111  0.0000
93.3194  2.0000
93.3277  2.0000
93.3359  1.0000
93.3442  1.0000
93.3524  1.0000
93.3607  0.0000
93.3690  0.0000
93.3772  2.0000
93.3855  2.0000
93.3937  2.0000
93.4020  0.0000
93.4103  1.0000
93.4185  1.0000
93.4268  0.0000
93.4350  0.0000
93.4433  1.0000
93.4516  1.0000
93.4598  0.0000
93.4681  1.0000
93.4763  0.0000
93.4846  0.0000
93.4929  3.0000
93.5011  1.0000
93.5094  1.0000
93.5176  1.0000
93.5259  1.0000
93.5342  0.0000
93.5424  1.0000
93.5507  0.0000
93.5589  0.0000
93.5672  0.0000
93.5755  0.0000
93.5837  0.0000
93.5920  2.0000
93.6002  0.0000
93.6085  1.0000
93.6168  1.0000
93.6250  0.0000
93.6333  2.0000
