89.5115  0.2000
89.5198  0.2000
89.5281  0.4000
89.5363  0.2000
89.5446  0.0000
89.5528  0.4000
89.5611  0.6000
89.5694  0.4000
89.5776  0.4000
89.5859  0.2000
89.5941  0.6000
89.6024  0.4000
89.6107  0.4000
89.6189  0.0000
89.6272  0.6000
89.6354  1.2000
89.6437  1.8000
89.6520  0.6000
89.6602  0.8000
89.6685  1.2000
89.6767  0.2000
89.6850  1.0000
89.6933  1.0000
89.7015  0.6000
89.7098  1.2000
89.7180  1.0000
89.7263  1.2000
89.7346  2.4000
89.7428  1.2000
89.7511  0.6000
89.7593  1.4000
89.7676  0.8000
89.7759  1.8000
89.7841  1.6000
89.7924  1.6000
89.8006  1.2000
89.8089  2.0000
89.8172  1.6000
89.8254  1.6000
89.8337  2.0000
89.8419  1.6000
89.8502  1.2000
89.8585  1.2000
89.8667  2.6000
89.8750  2.0000
89.8832  2.2000
89.8915  1.4000
89.8998  1.2000
89.9080  1.0000
89.9163  2.0000
89.9245  2.0000
89.9328  2.6000
89.9411  1.2000
89.9493  2.4000
89.9576  2.4000
89.9658  2.8000
89.9741  1.8000
89.9824  1.8000
89.9906  2.2000
89.9989  3.2000
90.0071  3.4000
90.0154  1.8000
90.0237  3.6000
90.0319  2.2000
90.0402  3.2000
90.0484  1.6000
90.0567  3.0000
90.0650  3.0000
90.0732  2.8000
90.0815  2.0000
90.0897  1.2000
90.0980  3.4000
90.1063  3.2000
90.1145  1.8000
90.1228  2.2000
90.1310  3.0000
90.1393  2.4000
90.1476  3.0000
90.1558  3.2000
90.1641  3.0000
90.1723  2.2000
90.1806  2.8000
90.1889  3.0000
90.1971  2.4000
90.2054  3.0000
90.2136  3.0000
90.2219  4.0000
90.2302  3.8000
90.2384  2.2000
90.2467  2.4000
90.2549  2.0000
90.2632  2.6000
90.2715  3.8000
90.2797  3.0000
90.2880  3.4000
90.2962  4.2000
90.3045  3.4000
90.3128  3.6000
90.3210  5.6000
90.3293  4.0000
90.3375  4.4000
90.3458  1.8000
90.3541  3.4000
90.3623  2.6000
90.3706  3.0000
90.3788  5.2000
90.3871  3.2000
90.3954  4.4000
90.4036  2.4000
90.4119  4.2000
90.4201  4.0000
90.4284  3.6000
90.4367  4.6000
90.4449  2.8000
90.4532  4.4000
90.4614  2.8000
90.4697  3.8000
90.4780  2.8000
90.4862  3.4000
90.4945  1.6000
90.5027  3.4000
90.5110  4.0000
90.5193  4.4000
90.5275  4.0000
90.5358  4.0000
90.5440  3.6000
90.5523  3.4000
90.5606  3.2000
90.5688  2.8000
90.5771  3.6000
90.5853  4.6000
90.5936  3.2000
90.6019  3.6000
90.6101  5.2000
90.6184  5.2000
90.6266  6.0000
90.6349  3.0000
90.6432  5.8000
90.6514  5.6000
90.6597  4.2000
90.6679  5.2000
90.6762  5.6000
90.6845  5.2000
90.6927  4.6000
90.7010  4.6000
90.7092  5.2000
90.7175  4.0000
90.7258  5.4000
90.7340  6.6000
90.7423  7.2000
90.7505  5.2000
90.7588  6.6000
90.7671  5.8000
90.7753  5.4000
90.7836  6.6000
90.7918  5.6000
90.8001  6.2000
90.8084  5.6000
90.8166  6.6000
90.8249  6.8000
90.8331  5.6000
90.8414  9.0000
90.8497  8.0000
90.8579  8.0000
90.8662  6.2000
90.8744  8.8000
90.8827  9.4000
90.8910  9.2000
90.8992  8.8000
90.9075  9.0000
90.9157  9.4000
90.9240 12.8000
90.9323 10.0000
90.9405 11.0000
90.9488 10.6000
90.9570 14.8000
90.9653 12.4000
90.9736 12.2000
90.9818 14.4000
90.9901 15.4000
90.9983 11.2000
91.0066 12.6000
91.0149 14.2000
91.0231 15.8000
91.0314 16.6000
91.0396 18.4000
91.0479 17.8000
91.0562 16.6000
91.0644 16.0000
91.0727 20.4000
91.0809 17.6000
91.0892 21.0000
91.0975 23.0000
91.1057 22.0000
91.1140 20.2000
91.1222 19.2000
91.1305 21.4000
91.1388 23.2000
91.1470 23.6000
91.1553 24.2000
91.1635 25.0000
91.1718 26.4000
91.1801 27.2000
91.1883 32.6000
91.1966 31.8000
91.2048 35.2000
91.2131 29.0000
91.2214 30.4000
91.2296 33.8000
91.2379 33.2000
91.2461 34.4000
91.2544 35.2000
91.2627 33.0000
91.2709 39.6000
91.2792 36.4000
91.2874 34.2000
91.2957 39.0000
91.3040 40.4000
91.3122 44.2000
91.3205 39.0000
91.3287 40.8000
91.3370 37.2000
91.3453 44.4000
91.3535 46.8000
91.3618 42.8000
91.3700 44.0000
91.3783 46.2000
91.3866 39.4000
91.3948 47.2000
91.4031 49.0000
91.4113 51.0000
91.4196 48.8000
91.4279 48.0000
91.4361 50.4000
91.4444 43.4000
91.4526 45.6000
91.4609 43.6000
91.4692 49.0000
91.4774 44.4000
91.4857 49.0000
91.4939 44.2000
91.5022 45.0000
91.5105 46.0000
91.5187 47.8000
91.5270 46.0000
91.5352 43.4000
91.5435 40.0000
91.5518 37.8000
91.5600 41.4000
91.5683 41.0000
91.5765 43.2000
91.5848 38.4000
91.5931 38.8000
91.6013 38.6000
91.6096 37.6000
91.6178 39.6000
91.6261 36.2000
91.6344 36.6000
91.6426 39.2000
91.6509 34.8000
91.6591 40.6000
91.6674 36.4000
91.6757 28.6000
91.6839 32.0000
91.6922 32.4000
91.7004 31.8000
91.7087 28.6000
91.7170 28.6000
91.7252 27.2000
91.7335 28.6000
91.7417 27.2000
91.7500 30.2000
91.7583 28.8000
91.7665 25.6000
91.7748 26.8000
91.7830 21.8000
91.7913 25.6000
91.7996 18.4000
91.8078 22.4000
91.8161 20.6000
91.8243 19.6000
91.8326 23.0000
91.8409 22.0000
91.8491 18.6000
91.8574 17.8000
91.8656 17.0000
91.8739 21.2000
91.8822 18.2000
91.8904 17.0000
91.8987 15.4000
91.9069 19.4000
91.9152 17.2000
91.9235 14.2000
91.9317 16.2000
91.9400 12.4000
91.9482 10.8000
91.9565 13.0000
91.9648 15.6000
91.9730 14.4000
91.9813  9.8000
91.9895 10.6000
91.9978 11.6000
92.0061  9.8000
92.0143 10.0000
92.0226  6.0000
92.0308 10.4000
92.0391  8.4000
92.0474 10.4000
92.0556 11.4000
92.0639  8.2000
92.0721  8.2000
92.0804  8.0000
92.0887  6.6000
92.0969  6.0000
92.1052  6.6000
92.1134  6.6000
92.1217  5.6000
92.1300  7.2000
92.1382  5.6000
92.1465  6.0000
92.1547  6.6000
92.1630  8.4000
92.1713  5.4000
92.1795  4.2000
92.1878  5.0000
92.1960  5.2000
92.2043  4.6000
92.2126  4.6000
92.2208  3.6000
92.2291  3.6000
92.2373  4.0000
92.2456  4.0000
92.2539  4.2000
92.2621  4.0000
92.2704  3.8000
92.2786  6.0000
92.2869  4.8000
92.2952  3.4000
92.3034  4.4000
92.3117  5.6000
92.3199  2.4000
92.3282  4.8000
92.3365  2.8000
92.3447  5.0000
92.3530  3.6000
92.3612  2.8000
92.3695  2.8000
92.3778  2.2000
92.3860  3.6000
92.3943  3.2000
92.4025  2.8000
92.4108  4.4000
92.4191  2.4000
92.4273  2.8000
92.4356  3.8000
92.4438  3.4000
92.4521  1.6000
92.4604  2.2000
92.4686  1.6000
92.4769  3.8000
92.4851  2.4000
92.4934  1.8000
92.5017  2.6000
92.5099  1.8000
92.5182  2.0000
92.5264  2.0000
92.5347  1.4000
92.5430  2.2000
92.5512  2.4000
92.5595  2.2000
92.5677  2.6000
92.5760  2.0000
92.5843  2.8000
92.5925  2.6000
92.6008  2.4000
92.6090  2.8000
92.6173  1.6000
92.6256  2.2000
92.6338  1.2000
92.6421  2.8000
92.6503  2.6000
92.6586  1.0000
92.6669  2.0000
92.6751  1.4000
92.6834  1.8000
92.6916  1.8000
92.6999  1.8000
92.7082  1.8000
92.7164  2.2000
92.7247  2.4000
92.7329  1.8000
92.7412  1.0000
92.7495  2.8000
92.7577  0.6000
92.7660  1.6000
92.7742  1.8000
92.7825  0.8000
92.7908  1.8000
92.7990  1.8000
92.8073  1.0000
92.8155  1.0000
92.8238  0.8000
92.8321  1.2000
92.8403  1.8000
92.8486  1.6000
92.8568  2.0000
92.8651  2.0000
92.8734  1.4000
92.8816  0.8000
92.8899  0.4000
92.8981  0.6000
92.9064  2.0000
92.9147  2.2000
92.9229  0.8000
92.9312  1.0000
92.9394  1.6000
92.9477  1.2000
92.9560  1.8000
92.9642  1.8000
92.9725  1.0000
92.9807  1.4000
92.9890  1.0000
92.9973  2.4000
93.0055  1.0000
93.0138  1.0000
93.0220  1.0000
93.0303  0.8000
93.0386  1.0000
93.0468  1.2000
93.0551  1.2000
93.0633  2.4000
93.0716  2.6000
93.0799  1.6000
93.0881  1.0000
93.0964  1.0000
93.1046  1.6000
93.1129  0.6000
93.1212  1.0000
93.1294  0.6000
93.1377  1.6000
93.1459  1.6000
93.1542  0.8000
93.1625  0.2000
93.1707  2.0000
93.1790  1.4000
93.1872  2.2000
93.1955  1.0000
93.2038  0.4000
93.2120  1.6000
93.2203  1.0000
93.2285  1.8000
93.2368  2.2000
93.2451  1.4000
93.2533  1.0000
93.2616  1.4000
93.2698  1.4000
93.2781  0.4000
93.2864  1.4000
93.2946  1.8000
93.3029  1.6000
93.3111  0.8000
93.3194  1.0000
93.3277  1.2000
93.3359  1.4000
93.3442  1.0000
93.3524  1.2000
93.3607  0.8000
93.3690  1.2000
93.3772  0.8000
93.3855  1.0000
93.3937  0.4000
93.4020  0.8000
93.4103  1.0000
93.4185  0.4000
93.4268  1.2000
93.4350  0.8000
93.4433  1.4000
93.4516  0.6000
93.4598  1.4000
93.4681  0.8000
93.4763  1.0000
93.4846  1.0000
93.4929  1.0000
93.5011  0.6000
93.5094  0.0000
93.5176  0.4000
93.5259  0.6000
93.5342  0.4000
93.5424  1.6000
93.5507  0.4000
93.5589  0.4000
93.5672  0.2000
93.5755  0.4000
93.5837  0.6000
93.5920  0.6000
93.6002  0.4000
93.6085  0.8000
93.6168  0.0000
93.6250  0.0000
93.6333  0.0000
93.6415  0.0000
93.6498  0.0000
93.6581  0.0000
93.6663  0.0000
93.6746  0.0000
93.6828  0.0000
93.6911  0.0000
93.6994  0.2000
93.7076  0.0000
93.7159  0.2000
93.7241  0.0000
93.7324  0.0000
93.7407  0.0000
93.7489  0.0000
93.7572  0.0000
93.7654  0.0000
93.7737  0.0000
93.7820  0.0000
93.7902  0.0000
93.7985  0.0000
93.8067  0.0000
93.8150  0.0000
93.8233  0.0000
93.8315  0.0000
93.8398  0.0000
93.8480  0.0000
93.8563  0.0000
93.8646  0.0000
93.8728  0.0000
93.8811  0.0000
93.8893  0.0000
93.8976  0.0000
93.9059  0.0000
93.9141  0.0000
93.9224  0.0000
93.9306  0.0000
93.9389  0.0000
93.9472  0.0000
93.9554  0.0000
93.9637  0.0000
93.9719  0.0000
93.9802  0.0000
93.9885  0.0000
93.9967  0.0000
94.0050  0.0000
94.0132  0.0000
94.0215  0.0000
94.0298  0.0000
94.0380  0.0000
94.0463  0.0000
94.0545  0.0000
94.0628  0.0000
94.0711  0.0000
94.0793  0.0000
94.0876  0.0000
94.0958  0.0000
94.1041  0.0000
94.1124  0.0000
94.1206  0.0000
94.1289  0.0000
94.1371  0.0000
94.1454  0.0000
94.1537  0.0000
94.1619  0.0000
94.1702  0.0000
94.1784  0.0000
94.1867  0.0000
94.1950  0.0000
94.2032  0.0000
94.2115  0.0000
94.2197  0.0000
94.2280  0.0000
94.2363  0.0000
94.2445  0.0000
94.2528  0.0000
94.2610  0.0000
94.2693  0.0000
94.2776  0.0000
94.2858  0.0000
94.2941  0.0000
94.3023  0.2000
