         0
         0
         0
         0
         0
         0
         0
         0
         0
         0
         0
         0
         0
         0
         0
         0
         0
         0
         0
         0
         0
         0
         0
         0
         0
         0
         0
         0
         0
         0
         0
         0
         0
         0
         0
         0
         0
         0
         0
         0
         0
         0
         0
         0
         0
         0
         0
         0
         0
         0
         0
         0
         0
         0
         0
         0
         0
         0
         0
         0
         0
         0
         0
         0
         0
         0
         0
         0
         0
         0
         0
         0
         0
         0
         0
         0
         0
         0
         0
         0
         0
         0
         0
         0
         0
         0
         0
         0
         0
         0
         0
         0
         0
         0
         0
         0
         0
         0
         0
         0
         0
         0
         0
         0
         0
         0
         0
         0
         0
         0
         0
         0
         0
         0
         0
         0
         0
         0
         0
         0
         0
         0
         0
         0
         0
         0
         0
         0
         0
         0
         0
         0
         0
         0
         0
         0
         0
         0
         0
         0
         0
         0
         0
         0
         0
         0
         0
         0
         0
         0
         0
         0
         0
         0
         0
         0
         0
         0
         0
         0
         0
         0
         0
         0
         0
         0
         0
         0
         0
         0
         0
         0
         0
         1
         0
         0
         0
         0
         1
         0
         0
         1
         0
         0
         1
         0
         0
         2
         0
         0
         1
         0
         1
         1
         1
         0
         0
         2
         2
         1
         1
         1
         1
         0
         2
         0
         0
         0
         2
         2
         0
         0
         0
         2
         1
         0
         0
         0
         0
         0
         2
         1
         3
         1
         3
         0
         1
         0
         1
         1
         2
         0
         0
         0
         3
         3
         0
         3
         1
         1
         1
         0
         0
         1
         1
         0
         1
         1
         0
         1
         1
         0
         2
         1
         2
         1
         2
         0
         2
         1
         2
         0
         2
         2
         2
         1
         1
         2
         2
         3
         2
         1
         0
         0
         1
         0
         1
         1
         2
         1
         0
         2
         1
         1
         2
         1
         2
         4
         2
         2
         2
         3
         4
         1
         1
         2
         3
         1
         3
         1
         1
         2
         2
         3
         4
         4
         4
         2
         5
         5
         1
         1
         3
         2
         4
         4
         2
         7
        10
         8
         5
         6
         1
         5
        11
        10
         8
         6
         9
         9
         5
        11
        16
         5
        13
        10
         8
        23
        14
        18
        22
        21
        28
        21
        16
        23
        24
        24
        28
        32
        32
        31
        34
        33
        36
        47
        41
        38
        38
        40
        36
        44
        51
        35
        51
        50
        51
        48
        44
        45
        58
        48
        55
        37
        37
        40
        54
        45
        54
        33
        47
        46
        57
        44
        47
        38
        45
        54
        30
        32
        54
        25
        38
        30
        42
        25
        29
        28
        26
        18
        28
        23
        29
        23
        21
        15
        15
        16
        29
        22
        21
        21
        22
        14
        13
        13
        13
         8
         7
        10
         6
        12
         9
         8
         6
         1
         6
         6
         8
         4
         4
         6
         7
         4
         9
         1
         4
         4
         5
         3
         7
         2
         5
         3
         3
         5
         1
         1
         4
         5
         3
         2
         3
         3
         3
         2
         4
         2
         3
         0
         2
         1
         0
         1
         2
         3
         1
         2
         3
         3
         1
         1
         1
         2
         0
         0
         0
         2
         0
         0
         2
         2
         2
         2
         7
         1
         0
         1
         0
         0
         1
         2
         2
         0
         3
         0
         1
         1
         4
         1
         1
         1
         1
         0
         1
         1
         1
         1
         0
         2
         0
         0
         1
         0
         0
         3
         0
         1
         1
         1
         0
         2
         2
         2
         0
         2
         0
         0
         0
         0
         2
         2
         1
         0
         1
         1
         2
         0
         4
         0
         0
         1
         2
         0
         0
         2
         0
         1
         0
         2
         0
         0
         4
         1
         2
         0
         1
         1
         1
         1
         1
         3
         2
         1
         1
         0
         1
         0
         1
         2
         1
         1
         1
         3
         0
         1
         0
         1
         0
         1
         0
         3
         1
         0
         2
         0
         0
         0
         1
         2
         0
         0
         0
         1
         1
         0
         1
         0
         2
         1
         0
         1
         2
         0
         3
         0
         0
         1
         0
         1
         2
         0
         0
         0
         1
         1
         1
         0
         1
         1
         1
         1
         0
         1
         1
         0
         1
         2
         3
         1
         2
         0
         2
         1
         1
         2
         0
         0
         1
         1
         1
         2
         1
         0
         2
         0
         2
         0
         0
         1
         0
         1
         0
         0
         0
         0
         0
         0
         0
         1
         0
         1
         0
         0
         0
         0
         0
         0
         0
         0
         0
         0
         0
         0
         0
         0
         0
         0
         0
         0
         0
         0
         0
         0
         0
         0
         0
         0
         0
         0
         0
         0
         0
         0
         0
         0
         0
         0
         0
         0
         0
         0
         0
         0
         0
         0
         0
         0
         0
         0
         0
         0
         0
         0
         0
         0
         0
         0
         0
         0
         0
         0
         0
         0
         0
         0
         0
         0
         0
         0
         0
         0
         0
         0
         0
         0
         0
         0
         0
         0
         0
         0
         0
         0
         0
         0
         0
         0
         0
         0
         0
         0
         0
         0
         0
         0
         0
         0
         0
         0
         0
         0
         0
         0
         0
         0
         0
         0
         0
         0
         0
         0
         0
         0
         0
         0
         0
         0
         0
         0
         0
         0
         0
         0
         0
         0
         0
         0
         0
         0
         0
         0
         0
         0
         0
         0
         0
         0
         0
         0
         0
         0
         0
         0
         0
         0
         0
         0
         0
         0
         0
         0
         0
         0
         0
         0
         0
         0
         0
         0
         0
         0
         0
         0
         0
         0
         0
         0
         0
         0
         0
         0
         0
         0
         0
         0
         0
         0
         0
         0
         0
         0
         0
         0
         0
         0
         0
         0
         0
         0
         0
         0
         0
         0
         0
         0
         0
         0
         0
         0
         0
         0
         0
         0
         0
         0
         0
         0
         0
         0
         0
         0
         0
         0
         0
         0
         0
         0
         0
         0
         0
         0
         0
         0
         0
         0
         0
         0
         0
         0
         0
         0
         0
         0
         0
         0
         0
         0
         0
         0
         0
         0
         0
         0
         0
         0
         0
         0
         0
         0
         0
         0
         0
         0
         0
         0
         0
         0
         0
         0
         0
         0
         0
         0
         0
         0
         0
         0
         0
         0
         0
         0
         0
         0
         0
         0
         0
         0
         0
         0
         0
         0
         0
         0
         0
         0
         0
         0
         0
         0
         0
         0
         0
         0
         0
         0
         0
         0
         0
         0
         0
         0
         0
         0
         0
         0
         0
         0
         0
         0
         0
         0
         0
         0
         0
         0
         0
         0
         0
         0
         0
         0
         0
         0
         0
         0
         0
         0
         0
         0
         0
         0
         0
         0
         0
         0
         0
         0
         0
         0
         0
         0
         0
         0
         0
         0
         0
         0
         0
         0
         0
         0
         0
         0
         0
         0
         0
         0
         0
         0
         0
         0
         0
         0
