         0
         0
         0
         0
         0
         0
         0
         0
         0
         0
         0
         0
         0
         0
         0
         0
         0
         0
         0
         0
         0
         0
         0
         0
         0
         0
         0
         0
         0
         0
         0
         0
         0
         0
         0
         0
         0
         0
         0
         0
         0
         0
         0
         0
         0
         0
         0
         0
         0
         0
         0
         0
         0
         0
         0
         0
         0
         0
         0
         0
         0
         0
         0
         0
         0
         0
         0
         0
         0
         0
         0
         0
         0
         0
         0
         0
         0
         0
         0
         0
         0
         0
         0
         0
         0
         0
         0
         0
         0
         0
         0
         0
         0
         0
         0
         0
         0
         0
         0
         0
         0
         0
         0
         0
         0
         0
         0
         0
         0
         0
         0
         0
         0
         0
         0
         0
         0
         0
         0
         0
         0
         0
         0
         0
         0
         0
         0
         0
         0
         0
         0
         0
         0
         0
         0
         0
         0
         0
         0
         0
         0
         0
         0
         0
         0
         0
         0
         0
         0
         0
         0
         0
         0
         0
         0
         0
         0
         0
         0
         0
         0
         0
         0
         0
         0
         1
         1
         0
         0
         0
         0
         0
         1
         0
         0
         0
         0
         0
         1
         0
         2
         0
         1
         0
         1
         2
         0
         0
         0
         0
         0
         0
         3
         0
         0
         0
         1
         1
         2
         1
         2
         0
         1
         0
         1
         0
         1
         1
         1
         0
         2
         1
         2
         0
         3
         0
         0
         1
         1
         0
         0
         1
         0
         1
         1
         0
         1
         1
         0
         0
         0
         0
         0
         1
         4
         3
         0
         0
         0
         1
         1
         2
         3
         2
         2
         1
         1
         0
         0
         2
         1
         2
         0
         0
         0
         0
         0
         1
         3
         1
         4
         2
         1
         0
         2
         4
         1
         0
         0
         2
         3
         1
         2
         0
         0
         2
         1
         0
         2
         2
         1
         1
         1
         2
         2
         2
         1
         1
         2
         2
         0
         1
         1
         0
         0
         1
         2
         1
         0
         0
         1
         2
         2
         2
         1
         2
         3
         1
         2
         1
         0
         2
         0
         1
         1
         3
         2
         2
         1
         0
         2
         2
         1
         1
         1
         0
         1
         3
         2
         3
         3
         3
         3
         2
         4
         3
         5
         1
         1
         1
         4
         2
         5
         1
         4
         5
         7
         3
         4
         2
         9
         7
        10
         6
         7
         8
         5
         6
        12
         6
         5
         7
        12
        14
        11
         9
         8
        17
        17
        12
        14
        25
        20
        23
        10
        22
        34
        24
        24
        30
        20
        21
        34
        31
        28
        36
        31
        35
        43
        30
        37
        35
        41
        38
        37
        31
        50
        38
        44
        50
        48
        34
        42
        39
        47
        53
        41
        30
        46
        46
        38
        46
        42
        46
        41
        34
        42
        52
        47
        30
        38
        28
        40
        36
        34
        40
        39
        19
        30
        35
        40
        28
        31
        24
        27
        25
        29
        22
        24
        20
        20
        10
        24
        17
        17
        12
        21
         8
        18
        11
        10
        16
         5
        10
         8
        13
         9
         6
        11
         2
         4
         4
         6
         5
         3
         4
         5
         4
         3
         1
         2
         3
         5
         1
         6
         2
         1
         4
         2
         2
         1
         1
         1
         2
         2
         5
         5
         0
         0
         1
         4
         1
         2
         4
         3
         0
         2
         2
         2
         1
         1
         2
         3
         1
         1
         1
         0
         1
         2
         1
         1
         0
         2
         1
         2
         1
         1
         0
         0
         0
         1
         5
         1
         0
         1
         1
         3
         1
         1
         1
         1
         0
         3
         0
         1
         0
         3
         1
         2
         1
         0
         1
         1
         0
         0
         0
         0
         1
         1
         0
         0
         1
         0
         0
         1
         1
         0
         0
         0
         2
         0
         1
         0
         1
         0
         1
         1
         0
         0
         1
         0
         1
         2
         2
         0
         2
         1
         2
         0
         0
         1
         0
         1
         1
         1
         1
         1
         1
         2
         0
         1
         0
         0
         2
         2
         1
         0
         2
         1
         0
         2
         3
         1
         0
         0
         0
         3
         1
         3
         1
         0
         2
         0
         1
         2
         0
         0
         1
         1
         1
         0
         1
         1
         0
         0
         1
         1
         0
         0
         1
         2
         0
         1
         0
         0
         1
         0
         0
         0
         0
         2
         0
         1
         0
         0
         0
         1
         1
         1
         0
         0
         0
         0
         0
         0
         0
         0
         0
         0
         1
         0
         0
         0
         0
         0
         0
         0
         0
         0
         0
         0
         0
         0
         0
         0
         0
         0
         0
         0
         0
         0
         0
         0
         0
         0
         0
         0
         0
         0
         0
         0
         0
         0
         0
         0
         0
         0
         0
         0
         0
         0
         0
         0
         0
         0
         0
         0
         0
         0
         0
         0
         0
         0
         0
         0
         0
         0
         0
         0
         0
         0
         0
         0
         0
         0
         0
         0
         0
         0
         0
         0
         0
         0
         0
         0
         0
         0
         0
         0
         0
         0
         0
         0
         0
         0
         0
         0
         0
         0
         0
         0
         0
         0
         0
         0
         0
         0
         0
         0
         0
         0
         0
         0
         0
         0
         0
         0
         0
         0
         0
         0
         0
         0
         0
         0
         0
         0
         0
         0
         0
         0
         0
         0
         0
         0
         0
         0
         0
         0
         0
         0
         0
         0
         0
         0
         0
         0
         0
         0
         0
         0
         0
         0
         0
         0
         0
         0
         0
         0
         0
         0
         0
         0
         0
         0
         0
         0
         0
         0
         0
         0
         0
         0
         0
         0
         0
         0
         0
         0
         0
         0
         0
         0
         0
         0
         0
         0
         0
         0
         0
         0
         0
         0
         0
         0
         0
         0
         0
         0
         0
         0
         0
         0
         0
         0
         0
         0
         0
         0
         0
         0
         0
         0
         0
         0
         0
         0
         0
         0
         0
         0
         0
         0
         0
         0
         0
         0
         0
         0
         0
         0
         0
         0
         0
         0
         0
         0
         0
         0
         0
         0
         0
         0
         0
         0
         0
         0
         0
         0
         0
         0
         0
         0
         0
         0
         0
         0
         0
         0
         0
         0
         0
         0
         0
         0
         0
         0
         0
         0
         0
         0
         0
         0
         0
         0
         0
         0
         0
         0
         0
         0
         0
         0
         0
         0
         0
         0
         0
         0
         0
         0
         0
         0
         0
         0
         0
         0
         0
         0
         0
         0
         0
         0
         0
         0
         0
         0
         0
         0
         0
         0
         0
         0
         0
         0
         0
         0
         0
         0
         0
         0
         0
         0
         0
         0
         0
         0
         0
         0
         0
         0
         0
         0
         0
         0
         0
         0
         0
         0
         0
         0
         0
         0
         0
         0
         0
         0
         0
         0
         0
         0
         0
         0
         0
         0
         0
         0
         0
         0
         0
         0
         0
         0
         0
         0
         0
         0
         0
         0
         0
         0
         0
         0
         0
