         0
         0
         0
         0
         0
         0
         0
         0
         0
         0
         0
         0
         0
         0
         0
         0
         0
         0
         0
         0
         0
         0
         0
         0
         0
         0
         0
         0
         0
         0
         0
         0
         0
         0
         0
         0
         0
         0
         0
         0
         0
         0
         0
         0
         0
         0
         0
         0
         0
         0
         0
         0
         0
         0
         0
         0
         0
         0
         0
         0
         0
         0
         0
         0
         0
         0
         0
         0
         0
         0
         0
         0
         0
         0
         0
         0
         0
         0
         0
         0
         0
         0
         0
         0
         0
         0
         0
         0
         0
         0
         0
         0
         0
         0
         0
         0
         0
         0
         0
         0
         0
         0
         0
         0
         0
         0
         0
         0
         0
         0
         0
         0
         0
         0
         0
         0
         0
         0
         0
         0
         0
         0
         0
         0
         0
         0
         0
         0
         0
         0
         0
         0
         0
         0
         0
         0
         0
         0
         0
         0
         0
         0
         0
         0
         0
         0
         0
         0
         0
         0
         0
         0
         0
         0
         0
         0
         0
         0
         0
         0
         0
         0
         0
         0
         0
         0
         0
         0
         1
         1
         0
         1
         0
         0
         1
         2
         0
         1
         1
         0
         3
         0
         1
         1
         0
         0
         0
         1
         0
         0
         1
         0
         2
         1
         1
         1
         0
         2
         0
         0
         0
         1
         1
         2
         0
         1
         0
         1
         1
         1
         2
         1
         1
         1
         0
         0
         0
         0
         4
         3
         3
         1
         3
         1
         4
         0
         4
         0
         1
         3
         1
         5
         1
         0
         0
         1
         1
         4
         0
         1
         1
         3
         1
         2
         1
         1
         0
         4
         1
         3
         2
         2
         1
         3
         2
         1
         0
         1
         0
         2
         0
         1
         0
         0
         0
         0
         3
         1
         0
         1
         0
         4
         0
         2
         1
         1
         2
         0
         2
         4
         3
         4
         0
         2
         1
         1
         1
         1
         2
         0
         1
         3
         2
         0
         2
         0
         2
         2
         0
         0
         1
         0
         2
         2
         1
         3
         2
         3
         0
         0
         2
         0
         0
         1
         0
         2
         3
         1
         3
         1
         2
         2
         2
         1
         0
         1
         1
         1
         0
         2
         5
         3
         0
         3
         3
         2
         0
         2
         2
         0
         0
         6
         0
         1
         2
         2
         1
         1
         6
         5
         3
         3
         5
         3
         1
         1
         5
         4
         6
         3
         6
         5
         3
         4
         6
         3
         7
        13
        13
        15
         8
        11
        12
         7
        11
        12
        10
        13
        13
        15
        14
        17
        26
        17
        25
        27
        24
        26
        23
        21
        27
        26
        31
        28
        25
        31
        30
        38
        25
        41
        34
        32
        41
        31
        36
        33
        35
        55
        49
        43
        37
        41
        43
        47
        47
        50
        35
        47
        46
        40
        39
        30
        45
        38
        43
        40
        48
        31
        40
        31
        36
        30
        43
        36
        30
        26
        37
        36
        37
        28
        26
        39
        28
        34
        35
        31
        24
        27
        20
        26
        20
        18
        27
        12
        18
        19
        15
        16
        15
        12
        15
        13
         8
        10
         9
         6
         8
         8
         9
         7
         7
         6
         7
         9
         4
         4
         5
         3
        11
         4
         8
         2
         3
         4
         4
         2
         8
         3
         1
         3
         1
         7
         0
         4
         5
         4
         3
         3
         0
         5
         3
         2
         3
         2
         4
         1
         0
         2
         2
         4
         0
         2
         2
         2
         2
         3
         1
         1
         3
         1
         1
         1
         1
         2
         1
         1
         1
         1
         3
         2
         0
         1
         1
         0
         2
         1
         3
         0
         1
         2
         0
         1
         3
         3
         0
         2
         4
         3
         2
         0
         2
         1
         0
         2
         1
         2
         0
         1
         1
         1
         3
         2
         0
         2
         0
         4
         1
         0
         1
         1
         1
         0
         3
         1
         1
         2
         0
         1
         0
         3
         0
         2
         2
         0
         0
         0
         0
         0
         1
         1
         1
         0
         1
         0
         1
         1
         0
         0
         1
         0
         2
         2
         1
         0
         0
         0
         1
         0
         0
         0
         1
         0
         0
         2
         0
         2
         0
         0
         0
         1
         1
         2
         1
         0
         0
         0
         1
         1
         1
         1
         0
         1
         0
         2
         0
         1
         1
         1
         0
         0
         2
         1
         1
         0
         2
         0
         1
         1
         0
         0
         0
         1
         0
         0
         0
         1
         1
         0
         0
         0
         0
         0
         0
         0
         0
         0
         0
         0
         0
         0
         0
         0
         0
         0
         0
         0
         0
         0
         0
         0
         0
         0
         0
         0
         0
         0
         0
         0
         0
         0
         0
         0
         0
         0
         0
         0
         0
         0
         0
         0
         0
         0
         0
         0
         0
         0
         0
         0
         0
         0
         0
         0
         0
         0
         0
         0
         0
         0
         0
         0
         0
         0
         0
         0
         0
         0
         0
         0
         0
         0
         0
         0
         0
         0
         0
         0
         0
         0
         0
         0
         0
         0
         0
         0
         0
         0
         0
         0
         0
         0
         0
         0
         0
         0
         0
         0
         0
         0
         0
         0
         0
         0
         0
         0
         0
         0
         0
         0
         0
         0
         0
         0
         0
         0
         0
         0
         0
         0
         0
         0
         0
         0
         0
         0
         0
         0
         0
         0
         0
         0
         0
         0
         0
         0
         0
         0
         0
         0
         0
         0
         0
         0
         0
         0
         0
         0
         0
         0
         0
         0
         0
         0
         0
         0
         0
         0
         0
         0
         0
         0
         0
         0
         0
         0
         0
         0
         0
         0
         0
         0
         0
         0
         0
         0
         0
         0
         0
         0
         0
         0
         0
         0
         0
         0
         0
         0
         0
         0
         0
         0
         0
         0
         0
         0
         0
         0
         0
         0
         0
         0
         0
         0
         0
         0
         0
         0
         0
         0
         0
         0
         0
         0
         0
         0
         0
         0
         0
         0
         0
         0
         0
         0
         0
         0
         0
         0
         0
         0
         0
         0
         0
         0
         0
         0
         0
         0
         0
         0
         0
         0
         0
         0
         0
         0
         0
         0
         0
         0
         0
         0
         0
         0
         0
         0
         0
         0
         0
         0
         0
         0
         0
         0
         0
         0
         0
         0
         0
         0
         0
         0
         0
         0
         0
         0
         0
         0
         0
         0
         0
         0
         0
         0
         0
         0
         0
         0
         0
         0
         0
         0
         0
         0
         0
         0
         0
         0
         0
         0
         0
         0
         0
         0
         0
         0
         0
         0
         0
         0
         0
         0
         0
         0
         0
         0
         0
         0
         0
         0
         0
         0
         0
         0
         0
         0
         0
         0
         0
         0
         0
         0
         0
         0
         0
         0
         0
         0
         0
         0
         0
         0
         0
         0
         0
         0
         0
         0
         0
         0
         0
         0
         0
         0
         0
         0
         0
         0
         0
         0
         0
         0
         0
         0
         0
         0
