         0
         0
         0
         0
         0
         0
         0
         0
         0
         0
         0
         0
         0
         0
         0
         0
         0
         0
         0
         0
         0
         0
         0
         0
         0
         0
         0
         0
         0
         0
         0
         0
         0
         0
         0
         0
         0
         0
         0
         0
         0
         0
         0
         0
         0
         0
         0
         0
         0
         0
         0
         0
         0
         0
         0
         0
         0
         0
         0
         0
         0
         0
         0
         0
         0
         0
         0
         0
         0
         0
         0
         0
         0
         0
         0
         0
         0
         0
         0
         0
         0
         0
         0
         0
         0
         0
         0
         0
         0
         0
         0
         0
         0
         0
         0
         0
         0
         0
         0
         0
         0
         0
         0
         0
         0
         0
         0
         0
         0
         0
         0
         0
         0
         0
         0
         0
         0
         0
         0
         0
         0
         0
         0
         0
         0
         0
         0
         0
         0
         0
         0
         0
         0
         0
         0
         0
         0
         0
         0
         0
         0
         0
         0
         0
         0
         0
         0
         0
         0
         0
         0
         0
         0
         0
         0
         0
         0
         0
         0
         0
         0
         0
         0
         0
         0
         0
         0
         0
         0
         0
         0
         0
         0
         0
         0
         0
         0
         0
         0
         0
         0
         0
         2
         1
         1
         0
         1
         0
         0
         0
         0
         0
         1
         2
         1
         2
         1
         2
         1
         0
         0
         1
         0
         0
         1
         0
         1
         0
         0
         0
         0
         1
         0
         1
         2
         1
         0
         1
         0
         0
         2
         3
         0
         0
         1
         1
         1
         4
         0
         1
         0
         0
         1
         0
         1
         1
         1
         0
         0
         3
         0
         1
         1
         2
         0
         1
         0
         0
         0
         2
         1
         1
         3
         2
         1
         2
         1
         1
         0
         2
         0
         0
         2
         0
         3
         4
         2
         0
         0
         0
         1
         1
         0
         2
         0
         1
         0
         2
         2
         0
         1
         0
         1
         0
         1
         2
         1
         0
         1
         1
         1
         1
         1
         0
         2
         1
         1
         1
         0
         0
         2
         2
         3
         1
         0
         4
         3
         1
         2
         0
         1
         1
         2
         2
         0
         6
         2
         1
         4
         1
         2
         0
         0
         1
         0
         0
         4
         4
         4
         1
         2
         3
         2
         3
         1
         2
         3
         4
         3
         4
         3
         2
         0
         3
         5
         1
         8
         1
         3
         4
         4
         3
         2
         4
         7
         3
         5
         5
         4
         5
         7
         9
         6
         5
        15
         9
        10
         8
         7
         7
        13
         9
        16
        11
        25
        15
        17
        19
        18
        15
        15
        18
        17
        16
        24
        18
        22
        21
        31
        29
        22
        20
        26
        23
        36
        35
        28
        26
        39
        42
        40
        27
        30
        32
        35
        46
        25
        35
        55
        31
        47
        38
        30
        51
        35
        36
        30
        40
        32
        35
        37
        45
        45
        42
        45
        37
        33
        40
        37
        41
        32
        33
        36
        36
        37
        40
        33
        32
        34
        37
        25
        22
        32
        34
        30
        18
        27
        22
        19
        23
        22
        23
        15
        13
        15
        14
        17
        19
        15
        13
        15
        14
        14
        11
         9
         8
        11
         4
         8
        10
        10
         3
         9
         3
         7
         3
         4
        10
         6
         5
         9
         9
         1
         1
         8
         4
         5
         9
         1
         6
         6
         3
         2
         5
         3
         1
         2
         3
         1
         1
         4
         6
         1
         2
         4
         2
         0
         4
         2
         1
         1
         3
         2
         4
         4
         0
         1
         1
         3
         1
         0
         3
         3
         0
         2
         0
         1
         2
         2
         2
         4
         2
         2
         1
         0
         1
         1
         2
         1
         2
         0
         1
         1
         2
         1
         2
         1
         0
         3
         1
         2
         1
         1
         2
         0
         1
         1
         1
         1
         0
         2
         0
         0
         1
         1
         0
         0
         0
         1
         1
         1
         0
         1
         1
         1
         2
         1
         2
         1
         1
         0
         3
         2
         2
         1
         1
         1
         0
         0
         1
         0
         0
         3
         1
         1
         1
         0
         0
         1
         0
         1
         1
         1
         0
         2
         1
         0
         4
         1
         1
         1
         0
         0
         0
         1
         2
         2
         0
         1
         0
         1
         3
         1
         2
         0
         1
         2
         5
         0
         1
         0
         1
         0
         1
         1
         2
         0
         0
         2
         0
         0
         1
         1
         0
         0
         1
         0
         0
         0
         1
         1
         1
         1
         3
         0
         0
         0
         0
         0
         1
         0
         0
         0
         0
         0
         0
         0
         1
         0
         0
         0
         0
         0
         0
         0
         0
         0
         0
         0
         0
         0
         0
         0
         0
         0
         0
         0
         0
         0
         0
         0
         0
         0
         0
         0
         0
         0
         0
         0
         0
         0
         0
         0
         0
         0
         0
         0
         0
         0
         0
         0
         0
         0
         0
         0
         0
         0
         0
         0
         0
         0
         0
         0
         0
         0
         0
         0
         0
         0
         0
         0
         0
         0
         0
         0
         0
         0
         0
         0
         0
         0
         0
         0
         0
         0
         0
         0
         0
         0
         0
         0
         0
         0
         0
         0
         0
         0
         0
         0
         0
         0
         0
         0
         0
         0
         0
         0
         0
         0
         0
         0
         0
         0
         0
         0
         0
         0
         0
         0
         0
         0
         0
         0
         0
         0
         0
         0
         0
         0
         0
         0
         0
         0
         0
         0
         0
         0
         0
         0
         0
         0
         0
         0
         0
         0
         0
         0
         0
         0
         0
         0
         0
         0
         0
         0
         0
         0
         0
         0
         0
         0
         0
         0
         0
         0
         0
         0
         0
         0
         0
         0
         0
         0
         0
         0
         0
         0
         0
         0
         0
         0
         0
         0
         0
         0
         0
         0
         0
         0
         0
         0
         0
         0
         0
         0
         0
         0
         0
         0
         0
         0
         0
         0
         0
         0
         0
         0
         0
         0
         0
         0
         0
         0
         0
         0
         0
         0
         0
         0
         0
         0
         0
         0
         0
         0
         0
         0
         0
         0
         0
         0
         0
         0
         0
         0
         0
         0
         0
         0
         0
         0
         0
         0
         0
         0
         0
         0
         0
         0
         0
         0
         0
         0
         0
         0
         0
         0
         0
         0
         0
         0
         0
         0
         0
         0
         0
         0
         0
         0
         0
         0
         0
         0
         0
         0
         0
         0
         0
         0
         0
         0
         0
         0
         0
         0
         0
         0
         0
         0
         0
         0
         0
         0
         0
         0
         0
         0
         0
         0
         0
         0
         0
         0
         0
         0
         0
         0
         0
         0
         0
         0
         0
         0
         0
         0
         0
         0
         0
         0
         0
         0
         0
         0
         0
         0
         0
         0
         0
         0
         0
         0
         0
         0
         0
         0
         0
         0
         0
         0
         0
         0
         0
         0
         0
         0
         0
         0
         0
         0
         0
         0
         0
         0
         0
         0
         0
         0
         0
         0
         0
         0
         0
         0
         0
