         0
         0
         0
         0
         0
         0
         0
         0
         0
         0
         0
         0
         0
         0
         0
         0
         0
         0
         0
         0
         0
         0
         0
         0
         0
         0
         0
         0
         0
         0
         0
         0
         0
         0
         0
         0
         0
         0
         0
         0
         0
         0
         0
         0
         0
         0
         0
         0
         0
         0
         0
         0
         0
         0
         0
         0
         0
         0
         0
         0
         0
         0
         0
         0
         0
         0
         0
         0
         0
         0
         0
         0
         0
         0
         0
         0
         0
         0
         0
         0
         0
         0
         0
         0
         0
         0
         0
         0
         0
         0
         0
         0
         0
         0
         0
         0
         0
         0
         0
         0
         0
         0
         0
         0
         0
         0
         0
         0
         0
         0
         0
         0
         0
         0
         0
         0
         0
         0
         0
         0
         0
         0
         0
         0
         0
         0
         0
         0
         0
         0
         0
         0
         0
         0
         0
         0
         0
         0
         0
         0
         0
         0
         0
         0
         0
         0
         0
         0
         0
         0
         0
         0
         0
         0
         0
         0
         0
         0
         0
         0
         0
         0
         0
         0
         1
         0
         0
         0
         0
         0
         0
         0
         0
         0
         0
         1
         1
         1
         1
         0
         1
         1
         2
         0
         0
         0
         3
         1
         0
         0
         1
         1
         0
         3
         1
         0
         0
         0
         0
         2
         1
         0
         0
         1
         1
         3
         2
         1
         1
         2
         1
         0
         2
         1
         1
         0
         0
         0
         1
         2
         1
         0
         1
         0
         2
         0
         3
         1
         1
         1
         1
         1
         2
         1
         1
         0
         0
         0
         0
         1
         2
         2
         0
         2
         1
         4
         1
         3
         0
         1
         2
         2
         1
         0
         2
         0
         3
         2
         0
         1
         0
         3
         1
         1
         0
         3
         4
         4
         1
         2
         0
         0
         1
         1
         1
         2
         0
         2
         0
         1
         1
         2
         1
         2
         3
         1
         2
         3
         3
         1
         1
         2
         1
         3
         2
         3
         0
         0
         0
         1
         1
         2
         1
         1
         2
         0
         5
         2
         2
         1
         3
         3
         1
         0
         2
         6
         2
         2
         3
         3
         3
         3
         0
         2
         1
         2
         1
         2
         0
         4
         4
         5
         1
         3
         1
         3
         6
         2
         3
         3
         1
         3
         5
         7
         5
         4
         2
         2
         7
         7
         5
         4
         5
         5
         2
         9
         4
        10
         6
         3
         5
         9
        13
         9
         5
         8
        11
        14
        11
         9
        12
        11
        15
         8
        15
        10
        22
        11
        19
        15
        19
        17
        16
        17
        27
        12
        19
        28
        30
        31
        27
        24
        30
        29
        25
        38
        33
        24
        32
        33
        38
        24
        39
        36
        38
        36
        49
        45
        34
        41
        32
        37
        43
        43
        39
        45
        45
        49
        30
        27
        42
        35
        43
        40
        37
        35
        38
        30
        33
        46
        46
        48
        34
        49
        41
        34
        37
        42
        45
        31
        39
        26
        20
        32
        37
        27
        27
        27
        27
        33
        26
        26
        21
        27
        16
        15
        18
        19
        16
        17
        23
        22
         7
        13
        16
        11
        20
        15
        11
         9
        11
        11
         8
         6
         8
         6
         9
         7
         6
        11
         5
         2
         9
        12
         3
         5
         4
         5
         6
         4
         6
         3
         6
         3
        10
         7
         5
         2
         7
         4
         7
         4
         4
         6
         3
         1
         2
         1
         3
         2
         5
         6
         4
         3
         1
         3
         4
         4
         5
         4
         2
         1
         1
         0
         1
         2
         3
         2
         1
         2
         0
         2
         2
         2
         1
         0
         2
         1
         1
         0
         1
         2
         2
         1
         3
         1
         1
         1
         1
         0
         3
         0
         3
         2
         0
         2
         2
         1
         4
         1
         0
         3
         1
         1
         0
         1
         2
         1
         1
         1
         3
         1
         2
         0
         0
         2
         0
         1
         0
         1
         3
         2
         1
         2
         1
         1
         1
         2
         1
         0
         1
         1
         0
         1
         2
         3
         1
         0
         1
         1
         0
         1
         1
         1
         1
         3
         0
         0
         1
         1
         0
         1
         2
         2
         0
         0
         0
         0
         1
         0
         0
         1
         0
         0
         4
         0
         4
         1
         0
         1
         2
         0
         0
         0
         0
         1
         0
         0
         1
         1
         0
         1
         2
         0
         1
         0
         0
         2
         0
         1
         0
         2
         1
         1
         0
         1
         0
         0
         1
         0
         0
         0
         0
         0
         0
         0
         0
         0
         1
         0
         0
         0
         0
         0
         0
         0
         0
         0
         0
         0
         0
         0
         0
         0
         0
         0
         0
         0
         0
         0
         0
         0
         0
         0
         0
         0
         0
         0
         0
         0
         0
         0
         0
         0
         0
         0
         0
         0
         0
         0
         0
         0
         0
         0
         0
         0
         0
         0
         0
         0
         0
         0
         0
         0
         0
         0
         0
         0
         0
         0
         0
         0
         0
         0
         0
         0
         0
         0
         0
         0
         0
         0
         0
         0
         0
         0
         0
         0
         0
         0
         0
         0
         0
         0
         0
         0
         0
         0
         0
         0
         0
         0
         0
         0
         0
         0
         0
         0
         0
         0
         0
         0
         0
         0
         0
         0
         0
         0
         0
         0
         0
         0
         0
         0
         0
         0
         0
         0
         0
         0
         0
         0
         0
         0
         0
         0
         0
         0
         0
         0
         0
         0
         0
         0
         0
         0
         0
         0
         0
         0
         0
         0
         0
         0
         0
         0
         0
         0
         0
         0
         0
         0
         0
         0
         0
         0
         0
         0
         0
         0
         0
         0
         0
         0
         0
         0
         0
         0
         0
         0
         0
         0
         0
         0
         0
         0
         0
         0
         0
         0
         0
         0
         0
         0
         0
         0
         0
         0
         0
         0
         0
         0
         0
         0
         0
         0
         0
         0
         0
         0
         0
         0
         0
         0
         0
         0
         0
         0
         0
         0
         0
         0
         0
         0
         0
         0
         0
         0
         0
         0
         0
         0
         0
         0
         0
         0
         0
         0
         0
         0
         0
         0
         0
         0
         0
         0
         0
         0
         0
         0
         0
         0
         0
         0
         0
         0
         0
         0
         0
         0
         0
         0
         0
         0
         0
         0
         0
         0
         0
         0
         0
         0
         0
         0
         0
         0
         0
         0
         0
         0
         0
         0
         0
         0
         0
         0
         0
         0
         0
         0
         0
         0
         0
         0
         0
         0
         0
         0
         0
         0
         0
         0
         0
         0
         0
         0
         0
         0
         0
         0
         0
         0
         0
         0
         0
         0
         0
         0
         0
         0
         0
         0
         0
         0
         0
         0
         0
         0
         0
         0
         0
         0
         0
         0
         0
         0
         0
         0
         0
         0
         0
         0
         0
         0
         0
         0
         0
         0
         0
         0
         0
         0
         0
         0
         0
         0
         0
         0
         0
         0
         0
         0
         0
         0
