         0
         0
         0
         0
         0
         0
         0
         0
         0
         0
         0
         0
         0
         0
         0
         0
         0
         0
         0
         0
         0
         0
         0
         0
         0
         0
         0
         0
         0
         0
         0
         0
         0
         0
         0
         0
         0
         0
         0
         0
         0
         0
         0
         0
         0
         0
         0
         0
         0
         0
         0
         0
         0
         0
         0
         0
         0
         0
         0
         0
         0
         0
         0
         0
         0
         0
         0
         0
         0
         0
         0
         0
         0
         0
         0
         0
         0
         0
         0
         0
         0
         0
         0
         0
         0
         0
         0
         0
         0
         0
         0
         0
         0
         0
         0
         0
         0
         0
         0
         0
         0
         0
         0
         0
         0
         0
         0
         0
         0
         0
         0
         0
         0
         0
         0
         0
         0
         0
         0
         0
         0
         0
         0
         0
         0
         0
         0
         0
         0
         0
         0
         0
         0
         0
         0
         0
         0
         0
         0
         0
         0
         0
         0
         0
         0
         0
         0
         0
         0
         0
         0
         0
         0
         0
         0
         0
         0
         0
         0
         0
         0
         0
         0
         0
         0
         0
         0
         0
         0
         0
         0
         0
         0
         0
         0
         0
         1
         0
         0
         0
         0
         1
         1
         2
         0
         2
         1
         1
         1
         1
         2
         1
         1
         3
         1
         1
         1
         0
         2
         2
         0
         1
         1
         0
         0
         0
         1
         1
         2
         1
         0
         1
         3
         1
         2
         4
         1
         4
         2
         1
         2
         0
         0
         1
         3
         0
         0
         0
         0
         1
         0
         0
         3
         1
         1
         1
         0
         0
         3
         1
         0
         2
         1
         1
         2
         1
         2
         0
         2
         0
         1
         1
         0
         2
         4
         0
         0
         1
         0
         0
         0
         2
         1
         0
         2
         0
         0
         1
         2
         1
         1
         0
         3
         1
         2
         2
         4
         2
         1
         0
         1
         0
         2
         2
         0
         3
         3
         1
         1
         0
         2
         3
         0
         6
         2
         0
         2
         1
         1
         2
         1
         1
         2
         0
         1
         2
         1
         2
         0
         3
         4
         4
         1
         2
         3
         2
         1
         0
         2
         2
         0
         1
         3
         8
         2
         3
         2
         1
         3
         2
         5
         0
         2
         1
         5
         0
         2
         8
         4
         3
         2
         3
         3
         2
         8
         4
         4
         4
        11
         3
         8
         6
         5
         9
         7
         6
         5
         6
         9
         8
         9
         8
         3
         7
         8
         8
        10
        13
        10
         9
        10
         9
        16
        15
         7
        11
        16
        11
        15
        14
        18
        19
        21
        19
        19
        16
        17
        24
        16
        22
        16
        24
        24
        30
        33
        24
        27
        31
        32
        31
        27
        42
        29
        29
        35
        26
        27
        45
        39
        31
        46
        43
        35
        45
        35
        35
        37
        41
        47
        42
        42
        41
        44
        35
        45
        36
        37
        50
        38
        42
        51
        27
        45
        34
        35
        55
        41
        28
        35
        34
        42
        36
        35
        30
        32
        34
        31
        31
        35
        34
        32
        37
        30
        23
        28
        21
        26
        32
        22
        25
        21
        17
        15
        21
        16
        16
        17
        19
        16
        18
        13
        15
        13
        15
        11
        12
        11
        11
        13
         9
        12
         6
        16
        12
         9
         6
         7
         9
         7
         9
         7
         5
         4
         8
         4
         7
         8
         6
         5
         6
         6
         4
         1
         2
         7
         5
         5
         3
         8
         5
         2
         1
         2
         4
         4
         4
         1
         8
         1
         2
         1
         4
         5
         1
         1
         3
         2
         2
         4
         2
         1
         5
         1
         2
         1
         3
         3
         5
         1
         0
         6
         2
         1
         1
         1
         5
         1
         2
         0
         3
         2
         1
         2
         4
         4
         2
         1
         2
         1
         2
         3
         2
         4
         0
         0
         2
         3
         3
         1
         0
         0
         1
         4
         2
         4
         0
         1
         2
         4
         0
         2
         4
         0
         2
         0
         0
         2
         2
         2
         1
         4
         0
         3
         1
         2
         2
         1
         2
         1
         2
         0
         1
         2
         0
         1
         0
         2
         0
         0
         1
         0
         1
         4
         0
         1
         0
         0
         2
         1
         0
         4
         0
         2
         1
         1
         1
         0
         1
         3
         1
         0
         1
         0
         1
         0
         2
         0
         0
         0
         1
         3
         2
         1
         0
         0
         1
         1
         2
         0
         1
         1
         0
         0
         0
         1
         1
         1
         0
         0
         0
         1
         0
         1
         0
         0
         0
         0
         0
         1
         0
         0
         0
         0
         0
         0
         0
         0
         0
         0
         0
         0
         0
         0
         0
         0
         0
         0
         0
         0
         0
         0
         0
         0
         0
         0
         0
         0
         0
         0
         0
         0
         0
         0
         0
         0
         0
         0
         0
         0
         0
         0
         0
         0
         0
         0
         0
         0
         0
         0
         0
         0
         0
         0
         0
         0
         0
         0
         0
         0
         0
         0
         0
         0
         0
         0
         0
         0
         0
         0
         0
         0
         0
         0
         0
         0
         0
         0
         0
         0
         0
         0
         0
         0
         0
         0
         0
         0
         0
         0
         0
         0
         0
         0
         0
         0
         0
         0
         0
         0
         0
         0
         0
         0
         0
         0
         0
         0
         0
         0
         0
         0
         0
         0
         0
         0
         0
         0
         0
         0
         0
         0
         0
         0
         0
         0
         0
         0
         0
         0
         0
         0
         0
         0
         0
         0
         0
         0
         0
         0
         0
         0
         0
         0
         0
         0
         0
         0
         0
         0
         0
         0
         0
         0
         0
         0
         0
         0
         0
         0
         0
         0
         0
         0
         0
         0
         0
         0
         0
         0
         0
         0
         0
         0
         0
         0
         0
         0
         0
         0
         0
         0
         0
         0
         0
         0
         0
         0
         0
         0
         0
         0
         0
         0
         0
         0
         0
         0
         0
         0
         0
         0
         0
         0
         0
         0
         0
         0
         0
         0
         0
         0
         0
         0
         0
         0
         0
         0
         0
         0
         0
         0
         0
         0
         0
         0
         0
         0
         0
         0
         0
         0
         0
         0
         0
         0
         0
         0
         0
         0
         0
         0
         0
         0
         0
         0
         0
         0
         0
         0
         0
         0
         0
         0
         0
         0
         0
         0
         0
         0
         0
         0
         0
         0
         0
         0
         0
         0
         0
         0
         0
         0
         0
         0
         0
         0
         0
         0
         0
         0
         0
         0
         0
         0
         0
         0
         0
         0
         0
         0
         0
         0
         0
         0
         0
         0
         0
         0
         0
         0
         0
         0
         0
         0
         0
         0
         0
         0
         0
         0
         0
         0
         0
         0
         0
         0
         0
         0
         0
         0
         0
         0
         0
         0
         0
         0
         0
         0
         0
         0
         0
         0
         0
         0
         0
         0
         0
         0
         0
         0
         0
         0
         0
         0
         0
         0
         0
         0
         0
         0
         0
         0
         0
         0
         0
