         0
         0
         0
         0
         0
         0
         0
         0
         0
         0
         0
         0
         0
         0
         0
         0
         0
         0
         0
         0
         0
         0
         0
         0
         0
         0
         0
         0
         0
         0
         0
         0
         0
         0
         0
         0
         0
         0
         0
         0
         0
         0
         0
         0
         0
         0
         0
         0
         0
         0
         0
         0
         0
         0
         0
         0
         0
         0
         0
         0
         0
         0
         0
         0
         0
         0
         0
         0
         0
         0
         0
         0
         0
         0
         0
         0
         0
         0
         0
         0
         0
         0
         0
         0
         0
         0
         0
         0
         0
         0
         0
         0
         0
         0
         0
         0
         0
         0
         0
         0
         0
         0
         0
         0
         0
         0
         0
         0
         0
         0
         0
         0
         0
         0
         0
         0
         0
         0
         0
         0
         0
         0
         0
         0
         0
         0
         0
         0
         0
         0
         0
         0
         0
         0
         0
         0
         0
         0
         0
         0
         0
         0
         0
         0
         0
         0
         0
         0
         0
         0
         0
         0
         0
         0
         0
         0
         0
         0
         0
         0
         0
         0
         0
         0
         0
         0
         0
         0
         0
         0
         0
         0
         0
         0
         0
         0
         1
         0
         1
         1
         0
         1
         0
         1
         1
         1
         3
         2
         2
         1
         1
         1
         0
         0
         0
         0
         0
         2
         0
         3
         0
         1
         2
         2
         0
         1
         2
         0
         1
         2
         0
         2
         0
         1
         0
         2
         2
         1
         0
         2
         0
         0
         0
         2
         0
         0
         0
         2
         1
         2
         1
         3
         0
         1
         3
         0
         1
         1
         1
         0
         1
         2
         0
         0
         1
         1
         1
         0
         1
         0
         2
         0
         1
         4
         1
         1
         0
         3
         4
         2
         0
         2
         4
         2
         3
         3
         2
         1
         2
         4
         0
         3
         3
         1
         2
         0
         2
         0
         1
         1
         1
         2
         0
         0
         1
         5
         3
         1
         2
         2
         3
         0
         6
         6
         4
         3
         1
         2
         2
         3
         0
         0
         2
         1
         1
         2
         1
         3
         0
         1
         0
         0
         4
         4
         2
         2
         3
         2
         4
         2
         4
         0
         2
         4
         2
         2
         4
         4
         4
         5
         4
         3
         4
         4
         0
         5
         5
         6
         1
         4
         2
         2
        12
         7
         7
         5
         3
         2
         5
         8
         6
         6
         7
         5
         8
         4
         8
         7
        12
         7
        12
         7
         5
        11
         5
        13
         3
         9
        13
        11
         9
         8
        12
        15
        13
        11
        14
        16
        17
        11
        18
        22
        15
        12
        25
        14
        24
        27
        22
        13
        18
        26
        18
        29
        21
        21
        17
        30
        31
        26
        28
        21
        30
        42
        27
        21
        35
        33
        42
        37
        34
        35
        35
        37
        36
        53
        43
        39
        39
        43
        49
        55
        34
        43
        45
        39
        39
        55
        57
        51
        38
        42
        41
        50
        53
        45
        51
        47
        34
        35
        44
        35
        55
        54
        46
        37
        33
        41
        32
        41
        44
        38
        38
        33
        37
        38
        34
        37
        29
        40
        27
        21
        32
        39
        22
        22
        16
        22
        16
        22
        27
        17
        21
        21
        16
        14
        18
        23
        24
        16
         8
        14
        15
        11
        13
        16
        10
        15
         7
        10
         9
        13
         9
         9
        11
        12
         9
        12
         3
        10
         7
         8
        10
         6
         7
         9
         2
        11
         7
         4
         4
         6
         6
         7
         6
         7
         1
         8
         4
         3
         7
         7
         7
         2
         2
         9
         3
         2
         1
         6
         3
         4
         6
         2
         1
         4
         1
         3
         4
         6
         4
         2
         2
         2
         2
         1
         1
         1
         4
         5
         3
         2
         2
         3
         5
         2
         2
         4
         5
         2
         4
         2
         1
         4
         2
         2
         3
         5
         1
         7
         5
         4
         4
         4
         1
         2
         5
         3
         0
         3
         1
         3
         1
         3
         3
         1
         0
         4
         0
         0
         3
         3
         4
         4
         1
         1
         3
         1
         0
         1
         1
         1
         0
         0
         1
         2
         2
         0
         1
         0
         2
         5
         2
         2
         1
         2
         4
         2
         1
         2
         1
         2
         1
         1
         0
         0
         0
         1
         1
         1
         1
         0
         1
         0
         1
         1
         1
         0
         1
         1
         1
         2
         2
         2
         2
         1
         1
         4
         1
         1
         1
         2
         0
         2
         0
         1
         0
         0
         0
         0
         0
         0
         1
         1
         1
         1
         0
         0
         0
         1
         0
         0
         1
         0
         0
         0
         0
         0
         0
         0
         0
         0
         0
         0
         0
         0
         0
         0
         0
         0
         0
         0
         0
         0
         0
         0
         0
         0
         0
         0
         0
         0
         0
         0
         0
         0
         0
         0
         0
         0
         0
         0
         0
         0
         0
         0
         0
         0
         0
         0
         0
         0
         0
         0
         0
         0
         0
         0
         0
         0
         0
         0
         0
         0
         0
         0
         0
         0
         0
         0
         0
         0
         0
         0
         0
         0
         0
         0
         0
         0
         0
         0
         0
         0
         0
         0
         0
         0
         0
         0
         0
         0
         0
         0
         0
         0
         0
         0
         0
         0
         0
         0
         0
         0
         0
         0
         0
         0
         0
         0
         0
         0
         0
         0
         0
         0
         0
         0
         0
         0
         0
         0
         0
         0
         0
         0
         0
         0
         0
         0
         0
         0
         0
         0
         0
         0
         0
         0
         0
         0
         0
         0
         0
         0
         0
         0
         0
         0
         0
         0
         0
         0
         0
         0
         0
         0
         0
         0
         0
         0
         0
         0
         0
         0
         0
         0
         0
         0
         0
         0
         0
         0
         0
         0
         0
         0
         0
         0
         0
         0
         0
         0
         0
         0
         0
         0
         0
         0
         0
         0
         0
         0
         0
         0
         0
         0
         0
         0
         0
         0
         0
         0
         0
         0
         0
         0
         0
         0
         0
         0
         0
         0
         0
         0
         0
         0
         0
         0
         0
         0
         0
         0
         0
         0
         0
         0
         0
         0
         0
         0
         0
         0
         0
         0
         0
         0
         0
         0
         0
         0
         0
         0
         0
         0
         0
         0
         0
         0
         0
         0
         0
         0
         0
         0
         0
         0
         0
         0
         0
         0
         0
         0
         0
         0
         0
         0
         0
         0
         0
         0
         0
         0
         0
         0
         0
         0
         0
         0
         0
         0
         0
         0
         0
         0
         0
         0
         0
         0
         0
         0
         0
         0
         0
         0
         0
         0
         0
         0
         0
         0
         0
         0
         0
         0
         0
         0
         0
         0
         0
         0
         0
         0
         0
         0
         0
         0
         0
         0
         0
         0
         0
         0
         0
         0
         0
         0
         0
         0
         0
         0
         0
         0
         0
         0
         0
         0
         0
         0
         0
         0
         0
         0
         0
         0
         0
         0
         0
         0
         0
         0
         0
         0
         0
         0
