         0
         0
         0
         0
         0
         0
         0
         0
         0
         0
         0
         0
         0
         0
         0
         0
         0
         0
         0
         0
         0
         0
         0
         0
         0
         0
         0
         0
         0
         0
         0
         0
         0
         0
         0
         0
         0
         0
         0
         0
         0
         0
         0
         0
         0
         0
         0
         0
         0
         0
         0
         0
         0
         0
         0
         0
         0
         0
         0
         0
         0
         0
         0
         0
         0
         0
         0
         0
         0
         0
         0
         0
         0
         0
         0
         0
         0
         0
         0
         0
         0
         0
         0
         0
         0
         0
         0
         0
         0
         0
         0
         0
         0
         0
         0
         0
         0
         0
         0
         0
         0
         0
         0
         0
         0
         0
         0
         0
         0
         0
         0
         0
         0
         0
         0
         0
         0
         0
         0
         0
         0
         0
         0
         0
         0
         0
         0
         0
         0
         0
         0
         0
         0
         0
         0
         0
         0
         0
         0
         0
         0
         0
         0
         0
         0
         0
         0
         0
         0
         0
         0
         0
         0
         0
         0
         0
         0
         0
         0
         0
         0
         0
         0
         0
         0
         0
         0
         0
         0
         0
         0
         2
         0
         1
         1
         0
         2
         0
         0
         0
         0
         0
         1
         0
         1
         1
         1
         1
         3
         0
         0
         1
         0
         1
         1
         0
         0
         1
         1
         0
         2
         2
         2
         0
         0
         1
         1
         1
         2
         2
         0
         1
         2
         0
         1
         0
         0
         4
         1
         0
         1
         2
         1
         1
         1
         2
         1
         0
         0
         3
         2
         3
         0
         2
         0
         0
         0
         0
         3
         1
         4
         4
         1
         5
         1
         1
         2
         0
         2
         0
         1
         0
         2
         2
         0
         1
         4
         1
         1
         3
         3
         2
         1
         1
         1
         1
         0
         0
         1
         3
         1
         1
         1
         0
         1
         1
         2
         4
         2
         3
         3
         1
         1
         4
         1
         3
         2
         3
         1
         1
         0
         2
         1
         3
         2
         1
         3
         1
         1
         2
         1
         2
         1
         3
         2
         3
         0
         0
         0
         4
         0
         4
         3
         2
         5
         1
         3
         2
         0
         2
         2
         3
         3
         3
         2
         4
         2
         1
         4
         8
         3
         7
         4
         5
         3
         3
         6
         4
         6
         2
         2
         4
         9
        10
         5
         6
         7
         3
         2
         6
         7
         6
         4
         4
         6
         6
        12
         5
         8
         7
         8
         7
         5
        11
        11
         5
         8
        13
         6
         8
        10
         2
        13
        11
         9
         8
        18
        13
        19
        17
        15
        18
        24
        21
        18
        25
        23
        22
        24
        23
        11
        20
        24
        22
        19
        14
        24
        28
        21
        30
        34
        21
        29
        26
        24
        30
        35
        42
        40
        41
        32
        34
        36
        28
        37
        34
        47
        37
        45
        30
        40
        42
        38
        49
        42
        53
        39
        43
        33
        47
        50
        45
        47
        44
        48
        54
        43
        40
        52
        46
        41
        43
        33
        45
        40
        41
        36
        41
        46
        47
        36
        52
        49
        24
        33
        49
        44
        27
        30
        34
        42
        33
        40
        33
        42
        27
        32
        41
        26
        23
        23
        20
        27
        24
        27
        19
        24
        14
        21
        18
        21
        20
        19
        15
        12
        20
        17
        20
        18
        10
        17
        12
        17
        15
        19
        13
         3
        13
         7
        15
        10
         6
        10
        10
         9
        12
         8
         7
         6
         8
         7
         7
         5
         8
        13
         5
         8
         7
        10
         7
         6
         1
         9
         4
         4
         8
         5
         4
         4
         6
         4
         7
         5
         2
         4
         3
         4
         4
         9
         3
         8
         5
         6
         5
         4
         3
         7
         5
         1
         3
         3
         5
         5
         4
         2
         5
         6
         1
         5
         5
         2
         1
         4
         0
         5
         3
         5
         1
         5
         3
         5
         5
         4
         3
         8
         4
         2
         4
         3
         6
         3
         4
         4
         5
         1
         3
         7
         5
         3
         7
         5
         1
         1
         9
         2
         1
         5
         6
         3
         4
         1
         1
         0
         1
         1
         1
         1
         2
         2
         3
         5
         1
         2
         2
         0
         2
         4
         1
         2
         0
         3
         4
         1
         0
         1
         0
         2
         3
         3
         2
         3
         2
         1
         2
         1
         1
         0
         2
         3
         0
         0
         3
         0
         1
         1
         2
         0
         2
         0
         0
         1
         1
         2
         3
         0
         2
         1
         1
         0
         0
         0
         0
         0
         0
         1
         0
         0
         0
         0
         1
         0
         0
         0
         0
         0
         0
         0
         0
         0
         0
         0
         0
         0
         0
         0
         0
         0
         0
         0
         0
         0
         0
         0
         0
         0
         0
         0
         0
         0
         0
         0
         0
         0
         0
         0
         0
         0
         0
         0
         0
         0
         0
         0
         0
         0
         0
         0
         0
         0
         0
         0
         0
         0
         0
         0
         0
         0
         0
         0
         0
         0
         0
         0
         0
         0
         0
         0
         0
         0
         0
         0
         0
         0
         0
         0
         0
         0
         0
         0
         0
         0
         0
         0
         0
         0
         0
         0
         0
         0
         0
         0
         0
         0
         0
         0
         0
         0
         0
         0
         0
         0
         0
         0
         0
         0
         0
         0
         0
         0
         0
         0
         0
         0
         0
         0
         0
         0
         0
         0
         0
         0
         0
         0
         0
         0
         0
         0
         0
         0
         0
         0
         0
         0
         0
         0
         0
         0
         0
         0
         0
         0
         0
         0
         0
         0
         0
         0
         0
         0
         0
         0
         0
         0
         0
         0
         0
         0
         0
         0
         0
         0
         0
         0
         0
         0
         0
         0
         0
         0
         0
         0
         0
         0
         0
         0
         0
         0
         0
         0
         0
         0
         0
         0
         0
         0
         0
         0
         0
         0
         0
         0
         0
         0
         0
         0
         0
         0
         0
         0
         0
         0
         0
         0
         0
         0
         0
         0
         0
         0
         0
         0
         0
         0
         0
         0
         0
         0
         0
         0
         0
         0
         0
         0
         0
         0
         0
         0
         0
         0
         0
         0
         0
         0
         0
         0
         0
         0
         0
         0
         0
         0
         0
         0
         0
         0
         0
         0
         0
         0
         0
         0
         0
         0
         0
         0
         0
         0
         0
         0
         0
         0
         0
         0
         0
         0
         0
         0
         0
         0
         0
         0
         0
         0
         0
         0
         0
         0
         0
         0
         0
         0
         0
         0
         0
         0
         0
         0
         0
         0
         0
         0
         0
         0
         0
         0
         0
         0
         0
         0
         0
         0
         0
         0
         0
         0
         0
         0
         0
         0
         0
         0
         0
         0
         0
         0
         0
         0
         0
         0
         0
         0
         0
         0
         0
         0
         0
         0
         0
         0
         0
         0
         0
         0
         0
         0
         0
         0
         0
         0
         0
         0
         0
         0
         0
         0
         0
         0
         0
         0
         0
         0
         0
         0
         0
