         0
         0
         0
         0
         0
         0
         0
         0
         0
         0
         0
         0
         0
         0
         0
         0
         0
         0
         0
         0
         0
         0
         0
         0
         0
         0
         0
         0
         0
         0
         0
         0
         0
         0
         0
         0
         0
         0
         0
         0
         0
         0
         0
         0
         0
         0
         0
         0
         0
         0
         0
         0
         0
         0
         0
         0
         0
         0
         0
         0
         0
         0
         0
         0
         0
         0
         0
         0
         0
         0
         0
         0
         0
         0
         0
         0
         0
         0
         0
         0
         0
         0
         0
         0
         0
         0
         0
         0
         0
         0
         1
         0
         0
         0
         0
         0
         0
         0
         0
         0
         0
         0
         0
         0
         0
         0
         0
         0
         0
         0
         0
         0
         0
         0
         0
         0
         0
         0
         0
         0
         0
         0
         0
         0
         0
         0
         0
         0
         0
         0
         0
         0
         0
         0
         0
         0
         0
         0
         0
         0
         0
         0
         0
         0
         0
         0
         0
         0
         0
         0
         0
         0
         0
         0
         0
         0
         0
         0
         0
         0
         0
         1
         0
         1
         0
         0
         0
         0
         0
         0
         0
         0
         0
         0
         4
         2
         3
         3
         2
         1
         2
         2
         8
         2
         3
         2
         0
         3
         5
         5
         5
         4
         7
         3
         7
         4
         6
         2
         5
         4
         2
         5
         4
         6
         4
         6
         5
         7
         6
         5
         4
         8
         9
         7
         2
         7
         7
         5
         7
        11
         9
         5
         8
         2
         5
        11
         7
        10
         1
         4
         8
         8
         3
         5
         3
         8
         5
         5
         8
        13
        12
         6
         6
         5
         4
         5
         5
         5
        12
         5
         7
         5
         9
         9
         6
         8
         5
         4
        11
        10
         3
         2
         4
         7
        10
        10
         8
         9
         6
         4
         5
         5
         9
         9
         4
         9
         8
         3
        14
         5
         9
        12
        11
         9
         9
         9
         9
         7
        10
         5
        13
        14
         6
        11
         8
        14
        12
        13
        14
        10
        13
        11
        12
        11
         7
        10
        10
         9
        13
         9
        12
        19
         8
        11
         8
        17
        19
        14
        12
        22
        14
        16
        18
        11
        14
        14
        18
        25
        14
        24
        12
        28
        22
        17
        24
        30
        19
        20
        21
        20
        20
        18
        18
        23
        23
        26
        25
        21
        27
        42
        33
        30
        28
        36
        28
        33
        33
        30
        33
        40
        41
        41
        57
        52
        42
        52
        30
        50
        49
        58
        53
        49
        72
        78
        65
        54
        62
        81
        71
        86
        97
        77
        85
        91
       106
        85
        89
        93
       110
       115
        98
       103
       112
        92
       128
       109
       134
       128
       144
       151
       136
       143
       136
       143
       143
       159
       162
       160
       143
       182
       203
       174
       196
       183
       181
       198
       188
       193
       194
       192
       216
       205
       207
       189
       200
       217
       230
       239
       230
       225
       221
       245
       222
       245
       218
       228
       217
       252
       240
       244
       255
       245
       236
       197
       231
       220
       214
       234
       222
       186
       204
       195
       221
       202
       195
       171
       182
       198
       165
       176
       172
       166
       169
       152
       145
       176
       159
       163
       136
       132
       125
       121
       118
       116
       107
        96
       101
       110
       115
       105
        88
       102
        80
        83
        89
        92
        83
        79
        71
        63
        56
        77
        72
        61
        62
        74
        53
        55
        50
        64
        47
        45
        44
        46
        47
        44
        31
        40
        40
        45
        28
        34
        33
        28
        31
        28
        33
        27
        29
        33
        26
        36
        33
        27
        20
        26
        23
        23
        26
        28
        26
        21
        28
        29
        15
        30
        26
        26
        18
        16
        23
        18
        14
        16
        17
        18
        20
        20
        22
        20
        17
         8
        17
        14
        19
        14
        22
        14
        23
        18
        20
        21
        12
        22
        16
        26
        15
        13
        17
         9
        22
        20
        28
        18
        17
        21
        17
        15
        19
        13
        10
        12
        11
        19
        20
        15
        15
        12
        15
        14
        11
        15
        16
        15
        12
        15
        11
         9
        16
        17
         6
        10
        14
        15
        15
         8
        16
        11
        18
         9
        17
        16
        11
         9
         9
        14
        12
        12
         6
        13
        10
        10
         5
         6
         7
        11
        10
        13
         6
         6
         8
        10
         8
         8
        10
         6
         8
         8
         9
         4
         7
         3
         6
        12
         6
         5
         6
         3
         5
         5
         1
         6
         4
         3
         9
         6
         3
         0
         2
         2
         3
         1
         2
         2
         3
         2
         0
         1
         2
         1
         1
         0
         0
         0
         0
         0
         0
         0
         0
         0
         0
         0
         0
         0
         0
         0
         0
         0
         0
         0
         0
         0
         0
         0
         0
         0
         0
         0
         0
         0
         0
         0
         0
         0
         0
         0
         0
         0
         0
         0
         0
         0
         0
         0
         0
         0
         0
         0
         0
         0
         0
         0
         0
         0
         0
         0
         0
         0
         0
         0
         0
         0
         0
         0
         0
         0
         0
         0
         0
         0
         0
         0
         0
         0
         0
         0
         0
         0
         0
         0
         0
         0
         0
         0
         0
         0
         0
         0
         0
         0
         0
         0
         0
         0
         0
         0
         0
         0
         0
         0
         0
         0
         0
         0
         0
         0
         0
         0
         0
         0
         0
         0
         0
         0
         0
         0
         0
         0
         0
         0
         0
         0
         0
         0
         0
         0
         0
         0
         0
         0
         0
         0
         0
         0
         0
         0
         0
         0
         0
         0
         0
         0
         0
         0
         0
         0
         0
         0
         0
         0
         0
         0
         0
         0
         0
         0
         0
         0
         0
         0
         0
         0
         0
         0
         0
         0
         0
         0
         0
         0
         0
         0
         0
         0
         0
         0
         0
         0
         0
         0
         0
         0
         0
         0
         0
         0
         0
         0
         0
         0
         0
         0
         0
         0
         0
         0
         0
         0
         0
         0
         0
         0
         0
         0
         0
         0
         0
         0
         0
         0
         0
         0
         0
         0
         0
         0
         0
         0
         0
         0
         0
         0
         0
         0
         0
         0
         0
         0
         0
         0
         0
         0
         0
         0
         0
         0
         0
         0
         0
         0
         0
         0
         0
         0
         0
         0
         0
         0
         0
         0
         0
         0
         0
         0
         0
         0
         0
         0
         0
         0
         0
         0
         0
         0
         0
         0
         0
         0
         0
         0
         0
         0
         0
         0
         0
         0
         0
         0
         0
         0
         0
         0
         0
         0
         0
         0
         0
         0
         0
         0
         0
         0
         0
         0
         0
         0
         0
         0
         0
         0
         0
         0
         0
         0
         0
         0
         0
         0
         0
         0
         0
         0
         0
         0
         0
         0
         0
         0
         0
         0
         0
         0
         0
         0
         0
         0
         0
         0
         0
         0
         0
         0
         0
         0
         0
         0
         0
         0
         0
         0
         0
         0
         0
         0
         0
         0
         0
         0
         0
         0
         0
         0
         0
         0
