         0
         0
         0
         0
         0
         0
         0
         0
         0
         0
         0
         0
         0
         0
         0
         0
         0
         0
         0
         0
         0
         0
         0
         0
         0
         0
         0
         0
         0
         0
         0
         0
         0
         0
         0
         0
         0
         0
         0
         0
         0
         0
         0
         0
         0
         0
         0
         0
         0
         0
         0
         0
         0
         0
         0
         0
         0
         0
         0
         0
         0
         0
         0
         0
         0
         0
         0
         0
         0
         0
         0
         0
         0
         0
         0
         0
         0
         0
         0
         0
         0
         0
         0
         0
         0
         0
         0
         0
         0
         0
         0
         0
         0
         0
         0
         0
         0
         0
         0
         0
         0
         0
         0
         0
         0
         0
         0
         0
         0
         0
         0
         0
         0
         0
         0
         0
         0
         0
         0
         0
         0
         0
         0
         0
         0
         0
         0
         0
         0
         0
         0
         0
         0
         0
         0
         0
         0
         0
         0
         0
         0
         0
         0
         0
         0
         0
         0
         0
         0
         0
         0
         0
         0
         0
         0
         0
         0
         0
         0
         0
         0
         0
         0
         0
         0
         0
         0
         0
         1
         1
         1
         1
         1
         0
         0
         0
         0
         0
         0
         1
         0
         0
         1
         2
         1
         0
         1
         1
         2
         1
         1
         1
         2
         2
         1
         1
         3
         2
         4
         0
         0
         0
         2
         3
         1
         1
         0
         1
         2
         2
         1
         0
         4
         2
         2
         1
         2
         1
         3
         3
         2
         2
         2
         4
         3
         3
         1
         1
         2
         0
         4
         1
         0
         3
         2
         2
         1
         5
         1
         2
         1
         4
         1
         2
         1
         3
         1
         2
         2
         4
         6
         5
         2
         4
         6
         2
         4
         2
         3
         3
         3
         5
         2
         6
         2
         7
         3
         5
         3
         2
         2
         6
         5
         4
         4
         7
         5
         4
         3
         5
         4
         8
         3
         7
         3
         4
        12
         3
         6
         4
         3
         4
         6
         7
         9
        11
         7
         8
        10
         2
        16
         5
         6
         8
         8
         7
        14
        10
        15
        13
        10
        13
        18
        20
        16
        14
         5
        15
        14
        19
        19
        21
        24
        26
        28
        21
        26
        19
        18
        28
        30
        19
        32
        33
        26
        31
        43
        39
        33
        33
        42
        38
        35
        40
        29
        37
        35
        48
        42
        49
        45
        45
        49
        41
        43
        50
        49
        59
        39
        48
        49
        48
        39
        56
        51
        50
        50
        50
        59
        54
        52
        46
        47
        44
        62
        50
        44
        39
        41
        41
        52
        40
        39
        40
        50
        47
        32
        48
        37
        52
        39
        43
        31
        32
        51
        27
        39
        31
        32
        36
        27
        23
        33
        29
        29
        26
        31
        13
        20
        20
        12
        15
        22
        19
        17
        20
        18
        11
        19
        15
        17
        20
        22
        20
        11
        12
         8
        22
        10
        12
        13
         6
         9
        10
        13
         9
         5
         9
         5
        12
         9
         7
         9
        10
         4
        10
         7
        13
        17
         7
         6
         8
        11
         9
         9
         5
         9
        12
         5
         6
         3
         5
        10
         8
         6
         6
         5
         3
         6
         4
         6
         6
         4
         7
         4
         8
         5
         1
         2
         4
         2
         6
         8
         1
         4
         7
         9
         5
         3
         3
         3
         3
         4
         2
         5
         4
         2
         4
         2
         6
         4
         5
         3
         6
         7
         4
         4
         0
         3
         5
         0
         3
         6
         3
         1
        10
         5
         1
         3
         2
         3
         6
         3
         2
         3
         3
         4
         4
         3
         1
         1
         3
         2
         1
         4
         2
         4
         1
         1
         5
         1
         2
         3
         1
         3
         2
         4
         2
         2
         1
         2
         3
         2
         4
         2
         0
         2
         3
         2
         2
         1
         3
         1
         0
         2
         1
         0
         0
         5
         4
         1
         2
         2
         1
         2
         0
         2
         3
         4
         0
         2
         0
         2
         1
         1
         3
         1
         1
         3
         0
         1
         2
         1
         6
         2
         3
         2
         1
         1
         0
         3
         0
         1
         1
         2
         2
         0
         3
         0
         1
         2
         2
         2
         2
         0
         0
         0
         1
         1
         0
         1
         1
         2
         1
         1
         1
         1
         0
         0
         0
         0
         3
         1
         1
         0
         1
         0
         4
         1
         3
         0
         2
         2
         2
         1
         0
         2
         0
         0
         2
         0
         0
         0
         1
         0
         1
         0
         2
         2
         0
         0
         0
         0
         1
         0
         0
         0
         0
         0
         0
         0
         0
         0
         0
         0
         0
         0
         0
         0
         0
         0
         0
         0
         0
         0
         0
         0
         0
         0
         0
         0
         0
         0
         0
         0
         0
         0
         0
         0
         0
         0
         0
         0
         0
         0
         0
         0
         0
         0
         0
         0
         0
         0
         0
         0
         0
         0
         0
         0
         0
         0
         0
         0
         0
         0
         0
         0
         0
         0
         0
         0
         0
         0
         0
         0
         0
         0
         0
         0
         0
         0
         0
         0
         0
         0
         0
         0
         0
         0
         0
         0
         0
         0
         0
         0
         0
         0
         0
         0
         0
         0
         0
         0
         0
         0
         0
         0
         0
         0
         0
         0
         0
         0
         0
         0
         0
         0
         0
         0
         0
         0
         0
         0
         0
         0
         0
         0
         0
         0
         0
         0
         0
         0
         0
         0
         0
         0
         0
         0
         0
         0
         0
         0
         0
         0
         0
         0
         0
         0
         0
         0
         0
         0
         0
         0
         0
         0
         0
         0
         0
         0
         0
         0
         0
         0
         0
         0
         0
         0
         0
         0
         0
         0
         0
         0
         0
         0
         0
         0
         0
         0
         0
         0
         0
         0
         0
         0
         0
         0
         0
         0
         0
         0
         0
         0
         0
         0
         0
         0
         0
         0
         0
         0
         0
         0
         0
         0
         0
         0
         0
         0
         0
         0
         0
         0
         0
         0
         0
         0
         0
         0
         0
         0
         0
         0
         0
         0
         0
         0
         0
         0
         0
         0
         0
         0
         0
         0
         0
         0
         0
         0
         0
         0
         0
         0
         0
         0
         0
         0
         0
         0
         0
         0
         0
         0
         0
         0
         0
         0
         0
         0
         0
         0
         0
         0
         0
         0
         0
         0
         0
         0
         0
         0
         0
         0
         0
         0
         0
         0
         0
         0
         0
         0
         0
         0
         0
         0
         0
         0
         0
         0
         0
         0
         0
         0
         0
         0
         0
         0
         0
         0
         0
         0
         0
         0
         0
         0
         0
         0
         0
         0
         0
         0
         0
         0
         0
         0
         0
         0
         0
         0
         0
         0
         0
         0
         0
         0
         0
         0
         0
         0
         0
         0
         0
         0
         0
         0
         0
         0
         0
         0
         0
         0
         0
         0
         0
         0
         0
         0
         0
         0
         0
         0
         0
         0
         0
         0
         0
         0
         0
         0
         0
         0
         0
