         0
         0
         0
         0
         0
         0
         0
         0
         0
         0
         0
         0
         0
         0
         0
         0
         0
         0
         0
         0
         0
         0
         0
         0
         0
         0
         0
         0
         0
         0
         0
         0
         0
         0
         0
         0
         0
         0
         0
         0
         0
         0
         0
         0
         0
         0
         0
         0
         0
         0
         0
         0
         0
         0
         0
         0
         0
         0
         0
         0
         0
         0
         0
         0
         0
         0
         0
         0
         0
         0
         0
         0
         0
         0
         0
         0
         0
         0
         0
         0
         0
         0
         0
         0
         0
         0
         0
         0
         0
         0
         0
         0
         0
         0
         0
         0
         0
         0
         0
         0
         0
         0
         0
         0
         0
         0
         0
         0
         0
         0
         0
         0
         0
         0
         0
         0
         0
         0
         0
         0
         0
         0
         0
         0
         0
         0
         0
         0
         0
         0
         0
         0
         0
         0
         0
         0
         0
         0
         0
         0
         0
         0
         0
         0
         0
         0
         0
         0
         0
         0
         0
         0
         0
         0
         0
         0
         0
         0
         0
         0
         0
         0
         0
         0
         0
         0
         1
         0
         0
         0
         0
         1
         0
         1
         0
         0
         2
         0
         0
         0
         1
         2
         0
         0
         0
         2
         1
         1
         0
         1
         0
         1
         0
         1
         2
         0
         0
         0
         1
         1
         3
         0
         3
         4
         0
         2
         0
         0
         0
         2
         1
         1
         4
         1
         0
         1
         3
         2
         0
         2
         2
         1
         2
         1
         2
         2
         3
         1
         1
         3
         2
         1
         0
         2
         1
         0
         2
         0
         2
         3
         2
         0
         0
         1
         1
         1
         3
         0
         0
         0
         1
         4
         0
         0
         1
         1
         0
         0
         2
         3
         0
         1
         2
         0
         4
         1
         0
         2
         0
         0
         0
         3
         1
         0
         0
         3
         1
         2
         2
         3
         2
         2
         0
         1
         0
         4
         2
         0
         2
         0
         1
         2
         0
         1
         0
         2
         2
         0
         3
         0
         1
         3
         1
         0
         0
         2
         4
         2
         1
         3
         3
         1
         1
         1
         1
         0
         0
         1
         1
         1
         1
         1
         2
         2
         0
         5
         1
         1
         2
         1
         5
         1
         1
         0
         6
         1
         0
         2
         3
         2
         2
         3
         3
         1
         3
         4
         1
         1
         2
         6
         4
         2
         3
         4
         3
         5
         3
         6
         6
         7
         7
         9
        11
        10
         6
        12
         5
        12
         9
        14
        14
        11
        14
        11
        15
        12
        14
        15
        18
        14
        20
        13
        23
        20
        24
        25
        23
         8
        23
        23
        23
        14
        24
        14
        21
        19
        13
        20
        20
        16
        19
        14
        15
         9
        15
        22
        15
        13
         6
        18
         9
        11
        13
        10
         8
         2
         8
         7
         4
         8
         5
         8
         5
         3
         3
         4
         2
         6
         4
         4
         3
         5
         2
         3
         2
         4
         6
         2
         3
         2
         2
         2
         3
         4
         2
         4
         2
         2
         0
         5
         3
         3
         2
         1
         2
         1
         3
         2
         1
         2
         3
         0
         2
         0
         0
         3
         0
         2
         1
         1
         3
         4
         2
         3
         1
         0
         1
         2
         2
         0
         3
         0
         2
         0
         2
         4
         1
         2
         1
         0
         4
         5
         4
         5
         1
         2
         2
         1
         1
         0
         1
         4
         1
         2
         2
         0
         7
         2
         0
         1
         0
         2
         5
         0
         1
         2
         0
         0
         2
         0
         2
         1
         0
         2
         2
         1
         1
         2
         5
         3
         3
         3
         1
         2
         1
         1
         0
         0
         1
         2
         2
         1
         2
         2
         4
         1
         3
         1
         0
         4
         2
         0
         1
         0
         1
         4
         3
         2
         1
         2
         1
         1
         0
         1
         3
         0
         2
         2
         0
         0
         2
         3
         0
         1
         2
         2
         5
         1
         1
         2
         0
         2
         1
         1
         0
         1
         1
         1
         6
         1
         1
         0
         0
         0
         0
         3
         1
         1
         2
         2
         3
         3
         0
         2
         2
         4
         2
         2
         1
         1
         0
         0
         0
         1
         1
         1
         0
         1
         1
         3
         4
         1
         3
         1
         1
         0
         0
         2
         0
         1
         2
         3
         1
         1
         1
         3
         1
         0
         0
         1
         2
         0
         0
         1
         1
         0
         1
         0
         1
         0
         1
         1
         2
         0
         2
         2
         0
         1
         1
         0
         1
         0
         0
         0
         0
         0
         0
         0
         0
         0
         0
         0
         0
         0
         0
         0
         0
         0
         0
         0
         0
         0
         0
         0
         0
         0
         0
         0
         0
         0
         0
         0
         0
         0
         0
         0
         0
         0
         0
         0
         0
         0
         0
         0
         0
         0
         0
         0
         0
         0
         0
         0
         0
         0
         0
         0
         0
         0
         0
         0
         0
         0
         0
         0
         0
         0
         0
         0
         0
         0
         0
         0
         0
         0
         0
         0
         0
         0
         0
         0
         0
         0
         0
         0
         0
         0
         0
         0
         0
         0
         0
         0
         0
         0
         0
         0
         0
         0
         0
         0
         0
         0
         0
         0
         0
         0
         0
         0
         0
         0
         0
         0
         0
         0
         0
         0
         0
         0
         0
         0
         0
         0
         0
         0
         0
         0
         0
         0
         0
         0
         0
         0
         0
         0
         0
         0
         0
         0
         0
         0
         0
         0
         0
         0
         0
         0
         0
         0
         0
         0
         0
         0
         0
         0
         0
         0
         0
         0
         0
         0
         0
         0
         0
         0
         0
         0
         0
         0
         0
         0
         0
         0
         0
         0
         0
         0
         0
         0
         0
         0
         0
         0
         0
         0
         0
         0
         0
         0
         0
         0
         0
         0
         0
         0
         0
         0
         0
         0
         0
         0
         0
         0
         0
         0
         0
         0
         0
         0
         0
         0
         0
         0
         0
         0
         0
         0
         0
         0
         0
         0
         0
         0
         0
         0
         0
         0
         0
         0
         0
         0
         0
         0
         0
         0
         0
         0
         0
         0
         0
         0
         0
         0
         0
         0
         0
         0
         0
         0
         0
         0
         0
         0
         0
         0
         0
         0
         0
         0
         0
         0
         0
         0
         0
         0
         0
         0
         0
         0
         0
         0
         0
         0
         0
         0
         0
         0
         0
         0
         0
         0
         0
         0
         0
         0
         0
         0
         0
         0
         0
         0
         0
         0
         0
         0
         0
         0
         0
         0
         0
         0
         0
         0
         0
         0
         0
         0
         0
         0
         0
         0
         0
         0
         0
         0
         0
         0
         0
         0
         0
         0
         0
         0
         0
         0
         0
         0
         0
         0
         0
         0
         0
         0
         0
         0
         0
         0
         0
         0
         0
         0
         0
         0
         0
         0
         0
         0
         0
         0
         0
         0
         0
         0
         0
         0
         0
         0
         0
         0
         0
         0
         0
         0
         0
         0
