         0
         0
         0
         0
         0
         0
         0
         0
         0
         0
         0
         0
         0
         0
         0
         0
         0
         0
         0
         0
         0
         0
         0
         0
         0
         0
         0
         0
         0
         0
         0
         0
         0
         0
         0
         0
         0
         0
         0
         0
         0
         0
         0
         0
         0
         0
         0
         0
         0
         0
         0
         0
         0
         0
         0
         0
         0
         0
         0
         0
         0
         0
         0
         0
         0
         0
         0
         0
         0
         0
         0
         0
         0
         0
         0
         0
         0
         0
         0
         0
         0
         0
         0
         0
         0
         0
         0
         0
         0
         0
         0
         0
         0
         0
         0
         0
         0
         0
         0
         0
         0
         0
         0
         0
         0
         0
         0
         0
         0
         0
         0
         0
         0
         0
         0
         0
         0
         0
         0
         0
         0
         0
         0
         0
         0
         0
         0
         0
         0
         0
         0
         0
         0
         0
         0
         0
         0
         0
         0
         0
         0
         0
         0
         0
         0
         0
         0
         0
         0
         0
         0
         0
         0
         0
         0
         0
         0
         0
         0
         0
         0
         1
         0
         0
         0
         0
         0
         0
         0
         0
         0
         0
         2
         0
         2
         1
         0
         0
         1
         0
         1
         2
         0
         1
         1
         0
         2
         2
         1
         1
         2
         1
         0
         1
         2
         2
         2
         0
         3
         1
         1
         4
         0
         1
         2
         0
         0
         0
         1
         3
         0
         1
         1
         1
         1
         1
         2
         1
         2
         3
         1
         2
         0
         4
         2
         1
         2
         1
         0
         3
         1
         2
         2
         2
         2
         1
         1
         4
         2
         2
         1
         2
         1
         2
         1
         0
         1
         2
         0
         0
         0
         3
         1
         1
         0
         1
         0
         2
         1
         1
         3
         2
         0
         2
         1
         2
         2
         1
         1
         0
         0
         0
         2
         2
         0
         1
         1
         2
         2
         1
         1
         2
         0
         0
         2
         3
         2
         0
         1
         1
         5
         1
         0
         1
         1
         0
         3
         1
         2
         3
         0
         2
         1
         3
         1
         3
         2
         0
         1
         0
         1
         1
         3
         2
         0
         2
         1
         0
         1
         2
         3
         0
         3
         1
         2
         2
         1
         0
         0
         2
         1
         1
         2
         3
         2
         4
         1
         1
         2
         0
         1
         3
         3
         2
         2
         1
         1
         2
         0
         2
         3
         3
         3
         0
         3
         2
         0
         4
         3
         3
         2
         3
         4
         1
         2
         3
         5
         4
         2
         3
         1
         4
         5
         6
         5
         3
         5
         8
         5
         7
         9
         9
         9
        13
         6
         9
        15
        13
         9
        17
        14
        16
        18
        17
        16
        17
        12
        20
        14
        17
        18
        22
        23
        21
        25
        21
        29
        25
        25
        18
        23
        20
        21
        16
        16
        13
        10
        16
        12
        15
         9
        11
        14
         8
        10
         5
        10
        16
         4
         6
        11
         7
         6
         6
         8
         6
         6
         6
         0
         6
         5
         3
         7
         4
         4
         2
         6
         3
         3
         7
         1
         2
         1
         3
         1
         1
         2
         4
         2
         5
         3
         3
         2
         5
         4
         4
         4
         0
         3
         1
         0
         2
         2
         0
         1
         2
         2
         0
         3
         3
         0
         2
         1
         3
         1
         5
         4
         2
         3
         0
         2
         3
         3
         1
         1
         3
         0
         1
         2
         2
         0
         1
         3
         2
         2
         1
         2
         3
         3
         5
         2
         3
         2
         0
         1
         4
         2
         3
         2
         2
         2
         1
         1
         2
         3
         1
         1
         2
         3
         1
         3
         4
         1
         4
         1
         3
         4
         3
         1
         3
         4
         2
         1
         0
         1
         0
         0
         5
         0
         1
         1
         1
         0
         2
         3
         0
         1
         1
         2
         0
         4
         0
         3
         1
         0
         1
         1
         1
         1
         0
         3
         1
         0
         0
         2
         2
         0
         1
         1
         1
         2
         1
         0
         1
         1
         0
         1
         5
         1
         0
         0
         1
         2
         2
         0
         1
         1
         1
         1
         0
         1
         3
         0
         1
         3
         2
         3
         0
         4
         0
         0
         4
         0
         2
         2
         2
         2
         0
         1
         4
         0
         3
         0
         0
         4
         2
         1
         1
         0
         1
         3
         2
         0
         1
         2
         1
         1
         1
         2
         1
         1
         1
         0
         0
         4
         2
         5
         0
         1
         1
         1
         1
         1
         0
         0
         1
         1
         1
         0
         0
         1
         0
         0
         0
         2
         0
         0
         0
         0
         0
         0
         0
         0
         0
         0
         0
         0
         0
         0
         0
         0
         0
         0
         0
         0
         0
         0
         0
         0
         0
         0
         0
         0
         0
         0
         0
         0
         0
         0
         0
         0
         0
         0
         0
         0
         0
         0
         0
         0
         0
         0
         0
         0
         0
         0
         0
         0
         0
         0
         0
         0
         0
         0
         0
         0
         0
         0
         0
         0
         0
         0
         0
         0
         0
         0
         0
         0
         0
         0
         0
         0
         0
         0
         0
         0
         0
         0
         0
         0
         0
         0
         0
         0
         0
         0
         0
         0
         0
         0
         0
         0
         0
         0
         0
         0
         0
         0
         0
         0
         0
         0
         0
         0
         0
         0
         0
         0
         0
         0
         0
         0
         0
         0
         0
         0
         0
         0
         0
         0
         0
         0
         0
         0
         0
         0
         0
         0
         0
         0
         0
         0
         0
         0
         0
         0
         0
         0
         0
         0
         0
         0
         0
         0
         0
         0
         0
         0
         0
         0
         0
         0
         0
         0
         0
         0
         0
         0
         0
         0
         0
         0
         0
         0
         0
         0
         0
         0
         0
         0
         0
         0
         0
         0
         0
         0
         0
         0
         0
         0
         0
         0
         0
         0
         0
         0
         0
         0
         0
         0
         0
         0
         0
         0
         0
         0
         0
         0
         0
         0
         0
         0
         0
         0
         0
         0
         0
         0
         0
         0
         0
         0
         0
         0
         0
         0
         0
         0
         0
         0
         0
         0
         0
         0
         0
         0
         0
         0
         0
         0
         0
         0
         0
         0
         0
         0
         0
         0
         0
         0
         0
         0
         0
         0
         0
         0
         0
         0
         0
         0
         0
         0
         0
         0
         0
         0
         0
         0
         0
         0
         0
         0
         0
         0
         0
         0
         0
         0
         0
         0
         0
         0
         0
         0
         0
         0
         0
         0
         0
         0
         0
         0
         0
         0
         0
         0
         0
         0
         0
         0
         0
         0
         0
         0
         0
         0
         0
         0
         0
         0
         0
         0
         0
         0
         0
         0
         0
         0
         0
         0
         0
         0
         0
         0
         0
         0
         0
         0
         0
         0
         0
         0
         0
         0
         0
         0
         0
         0
         0
         0
         0
         0
         0
         0
         0
         0
         0
         0
         0
         0
         0
         0
         0
         0
         0
         0
         0
         0
         0
         0
         0
         0
         0
         0
         0
