         0
         0
         0
         0
         0
         0
         0
         0
         0
         0
         0
         0
         0
         0
         0
         0
         0
         0
         0
         0
         0
         0
         0
         0
         0
         0
         0
         0
         0
         0
         0
         0
         0
         0
         0
         0
         0
         0
         0
         0
         0
         0
         0
         0
         0
         0
         0
         0
         0
         0
         0
         0
         0
         0
         0
         0
         0
         0
         0
         0
         0
         0
         0
         0
         0
         0
         0
         0
         0
         0
         0
         0
         0
         0
         0
         0
         0
         0
         0
         0
         0
         0
         0
         0
         0
         0
         0
         0
         0
         0
         0
         0
         0
         0
         0
         0
         0
         0
         0
         0
         0
         0
         0
         0
         0
         0
         0
         0
         0
         0
         0
         0
         0
         0
         0
         0
         0
         0
         0
         0
         0
         0
         0
         0
         0
         0
         0
         0
         0
         0
         0
         0
         0
         0
         0
         0
         0
         0
         0
         0
         0
         0
         0
         0
         0
         0
         0
         0
         0
         0
         0
         0
         0
         0
         0
         0
         0
         0
         0
         0
         0
         0
         0
         0
         0
         0
         1
         0
         0
         0
         0
         2
         0
         0
         1
         3
         0
         0
         0
         0
         0
         1
         1
         2
         0
         1
         1
         2
         1
         0
         1
         0
         1
         1
         1
         1
         0
         0
         0
         3
         1
         1
         0
         1
         0
         1
         1
         1
         0
         0
         2
         0
         2
         0
         1
         1
         1
         2
         1
         0
         1
         2
         0
         1
         2
         0
         0
         2
         2
         1
         2
         2
         1
         1
         4
         1
         3
         2
         2
         3
         0
         0
         0
         1
         3
         2
         2
         5
         2
         1
         1
         3
         4
         0
         0
         5
         4
         2
         1
         3
         1
         3
         4
         1
         1
         1
         0
         2
         1
         3
         1
         0
         3
         1
         2
         0
         1
         1
         0
         1
         1
         1
         1
         2
         2
         1
         2
         0
         2
         2
         0
         2
         0
         0
         1
         0
         0
         2
         1
         2
         2
         1
         0
         2
         0
         0
         0
         0
         1
         2
         2
         2
         0
         0
         3
         2
         0
         2
         3
         1
         1
         0
         4
         1
         2
         1
         3
         2
         2
         1
         0
         2
         2
         2
         6
         1
         1
         3
         0
         2
         4
         1
         1
         3
         1
         2
         1
         1
         3
         0
         2
         1
         2
         1
         1
         2
         3
         1
         4
         4
         1
         5
         4
         0
         6
         3
         2
         2
         3
         1
         1
         0
         0
         4
         4
         3
         4
         8
         5
         0
         6
         8
         6
         6
         2
         2
         3
         5
         2
         6
         6
         8
        12
         8
         8
         6
         8
        13
        11
         9
         9
        11
         8
        13
        13
        12
        14
        19
        13
        18
        12
        14
        19
        19
        17
        14
        18
        16
        15
        15
        21
        10
        15
        15
        17
        12
        21
        17
        16
        14
        19
        14
        11
        14
        13
        13
        10
        11
        10
        15
        12
        10
         9
         8
        12
        12
         7
         8
         9
        10
         3
         2
        10
         7
        10
         4
         7
         4
         8
         6
         5
         4
         3
         3
         1
         4
         2
         2
         6
         2
         2
         4
         3
         3
         1
         7
         4
         1
         3
         4
         1
         1
         1
         1
         1
         0
         2
         2
         3
         3
         3
         3
         2
         2
         6
         3
         1
         6
         0
         2
         0
         2
         2
         1
         0
         3
         3
         1
         0
         2
         0
         2
         3
         2
         2
         3
         2
         2
         1
         3
         2
         4
         3
         4
         2
         0
         0
         3
         2
         1
         2
         1
         2
         2
         1
         1
         1
         2
         2
         0
         4
         4
         1
         1
         2
         1
         5
         3
         3
         0
         3
         1
         3
         4
         2
         1
         2
         3
         2
         2
         2
         2
         0
         1
         0
         1
         2
         0
         1
         1
         1
         1
         1
         0
         2
         0
         1
         2
         2
         1
         1
         0
         1
         3
         0
         1
         2
         2
         2
         4
         0
         1
         1
         1
         0
         0
         0
         2
         1
         1
         1
         0
         0
         0
         3
         2
         1
         0
         0
         2
         0
         1
         0
         0
         0
         0
         0
         2
         0
         2
         4
         1
         1
         0
         0
         1
         1
         3
         2
         2
         1
         0
         1
         0
         1
         2
         2
         1
         2
         0
         1
         1
         1
         2
         1
         1
         1
         2
         1
         2
         0
         3
         1
         0
         0
         0
         0
         0
         0
         1
         0
         2
         0
         0
         0
         0
         0
         0
         1
         0
         0
         0
         0
         0
         0
         0
         0
         0
         0
         0
         0
         0
         0
         0
         0
         0
         0
         0
         0
         0
         0
         0
         0
         0
         0
         0
         0
         0
         0
         0
         0
         0
         0
         0
         0
         0
         0
         0
         0
         0
         0
         0
         0
         0
         0
         0
         0
         0
         0
         0
         0
         0
         0
         0
         0
         0
         0
         0
         0
         0
         0
         0
         0
         0
         0
         0
         0
         0
         0
         0
         0
         0
         0
         0
         0
         0
         0
         0
         0
         0
         0
         0
         0
         0
         0
         0
         0
         0
         0
         0
         0
         0
         0
         0
         0
         0
         0
         0
         0
         0
         0
         0
         0
         0
         0
         0
         0
         0
         0
         0
         0
         0
         0
         0
         0
         0
         0
         0
         0
         0
         0
         0
         0
         0
         0
         0
         0
         0
         0
         0
         0
         0
         0
         0
         0
         0
         0
         0
         0
         0
         0
         0
         0
         0
         0
         0
         0
         0
         0
         0
         0
         0
         0
         0
         0
         0
         0
         0
         0
         0
         0
         0
         0
         0
         0
         0
         0
         0
         0
         0
         0
         0
         0
         0
         0
         0
         0
         0
         0
         0
         0
         0
         0
         0
         0
         0
         0
         0
         0
         0
         0
         0
         0
         0
         0
         0
         0
         0
         0
         0
         0
         0
         0
         0
         0
         0
         0
         0
         0
         0
         0
         0
         0
         0
         0
         0
         0
         0
         0
         0
         0
         0
         0
         0
         0
         0
         0
         0
         0
         0
         0
         0
         0
         0
         0
         0
         0
         0
         0
         0
         0
         0
         0
         0
         0
         0
         0
         0
         0
         0
         0
         0
         0
         0
         0
         0
         0
         0
         0
         0
         0
         0
         0
         0
         0
         0
         0
         0
         0
         0
         0
         0
         0
         0
         0
         0
         0
         0
         0
         0
         0
         0
         0
         0
         0
         0
         0
         0
         0
         0
         0
         0
         0
         0
         0
         0
         0
         0
         0
         0
         0
         0
         0
         0
         0
         0
         0
         0
         0
         0
         0
         0
         0
         0
         0
         0
         0
         0
         0
         0
         0
         0
         0
         0
         0
         0
         0
         0
         0
         0
         0
         0
         0
         0
         0
         0
         0
         0
         0
         0
         0
         0
         0
         0
         0
         0
         0
         0
         0
         0
         0
         0
         0
         0
