         0
         0
         0
         0
         0
         0
         0
         0
         0
         0
         0
         0
         0
         0
         0
         0
         0
         0
         0
         0
         0
         0
         0
         0
         0
         0
         0
         0
         0
         0
         0
         0
         0
         0
         0
         0
         0
         0
         0
         0
         0
         0
         0
         0
         0
         0
         0
         0
         0
         0
         0
         0
         0
         0
         0
         0
         0
         0
         0
         0
         0
         0
         0
         0
         0
         0
         0
         0
         0
         0
         0
         0
         0
         0
         0
         0
         0
         0
         0
         0
         0
         0
         0
         0
         0
         0
         0
         0
         0
         0
         0
         0
         0
         0
         0
         0
         0
         0
         0
         0
         0
         0
         0
         0
         0
         0
         0
         0
         0
         0
         0
         0
         0
         0
         0
         0
         0
         0
         0
         0
         0
         0
         0
         0
         0
         0
         0
         0
         0
         0
         0
         0
         0
         0
         0
         0
         0
         0
         0
         0
         0
         0
         0
         0
         0
         0
         0
         0
         0
         0
         0
         0
         0
         0
         0
         0
         0
         0
         0
         0
         0
         0
         0
         0
         0
         0
         0
         0
         0
         1
         0
         0
         0
         0
         0
         1
         0
         1
         0
         0
         3
         1
         1
         0
         1
         1
         2
         0
         2
         0
         0
         0
         0
         0
         0
         0
         0
         2
         1
         1
         1
         3
         0
         4
         4
         0
         1
         0
         1
         2
         0
         1
         1
         0
         4
         2
         2
         0
         2
         3
         2
         2
         2
         0
         0
         1
         3
         1
         2
         0
         0
         4
         1
         1
         6
         0
         4
         2
         3
         2
         1
         2
         1
         1
         1
         2
         1
         0
         1
         1
         2
         2
         2
         2
         2
         0
         0
         0
         2
         3
         1
         2
         1
         2
         2
         0
         3
         1
         2
         1
         1
         1
         1
         0
         1
         2
         3
         0
         1
         2
         0
         1
         1
         1
         4
         1
         2
         1
         1
         2
         2
         1
         1
         1
         0
         0
         0
         2
         4
         1
         5
         4
         3
         0
         3
         1
         3
         1
         2
         1
         1
         4
         1
         4
         2
         5
         4
         2
         1
         1
         2
         1
         1
         2
         3
         4
         3
         2
         4
         3
         1
         2
         1
         2
         1
         2
         3
         2
         2
         2
         4
         1
         1
         2
         3
         3
         2
         1
         2
         1
         4
         3
         1
         1
         1
         2
         4
         5
         2
         3
         2
         2
         4
         3
         3
         0
         2
         3
         3
         4
         3
         2
         3
         3
         6
         2
         3
         5
         2
         3
         5
         3
         5
         1
         1
         0
         6
         4
         7
         3
         5
         2
         3
        11
         8
         6
        14
        14
         4
         9
        10
         7
         7
        12
         9
         8
         8
        15
        16
        10
        11
        14
        11
        20
        10
        12
        11
         9
        20
        14
        22
        15
        12
        17
        16
        19
        19
         9
        15
        11
        17
        13
        12
        13
        10
         9
         9
        15
        18
        15
        18
        15
        21
         2
        11
        11
        12
         6
         9
        12
         9
         4
         7
         9
         6
        10
        11
         5
         6
         9
         5
         2
         5
         6
         8
         6
         3
         5
         4
         1
         5
         5
         3
         6
         6
         5
         2
         3
         4
         2
         4
         2
         4
         3
         3
         5
         1
         2
         5
         4
         1
         7
         5
         0
         1
         2
         5
         4
         5
         0
         4
         2
         0
         3
         3
         2
         2
         0
         1
         2
         2
         1
         4
         1
         1
         4
         6
         2
         3
         3
         2
         2
         3
         0
         2
         0
         1
         4
         1
         1
         3
         2
         2
         0
         0
         1
         5
         3
         2
         1
         1
         1
         3
         4
         1
         1
         1
         2
         0
         0
         3
         1
         3
         0
         1
         5
         4
         0
         0
         1
         0
         1
         0
         1
         2
         2
         4
         2
         2
         2
         1
         1
         2
         1
         0
         3
         2
         4
         0
         3
         2
         0
         0
         2
         2
         2
         2
         4
         3
         3
         2
         2
         1
         0
         3
         0
         2
         0
         4
         1
         0
         2
         2
         1
         0
         1
         2
         1
         1
         1
         3
         1
         3
         2
         1
         1
         1
         1
         0
         2
         1
         3
         1
         0
         0
         0
         1
         2
         1
         1
         1
         1
         2
         0
         2
         1
         2
         0
         5
         2
         2
         5
         0
         3
         0
         0
         0
         0
         1
         1
         1
         0
         2
         0
         1
         2
         3
         1
         1
         1
         0
         2
         0
         0
         0
         0
         0
         0
         0
         0
         1
         1
         0
         0
         0
         0
         0
         0
         0
         0
         0
         0
         0
         0
         0
         0
         0
         0
         0
         0
         0
         0
         0
         0
         0
         0
         0
         0
         0
         0
         0
         0
         0
         0
         0
         0
         0
         0
         0
         0
         0
         0
         0
         0
         0
         0
         0
         0
         0
         0
         0
         0
         0
         0
         0
         0
         0
         0
         0
         0
         0
         0
         0
         0
         0
         0
         0
         0
         0
         0
         0
         0
         0
         0
         0
         0
         0
         0
         0
         0
         0
         0
         0
         0
         0
         0
         0
         0
         0
         0
         0
         0
         0
         0
         0
         0
         0
         0
         0
         0
         0
         0
         0
         0
         0
         0
         0
         0
         0
         0
         0
         0
         0
         0
         0
         0
         0
         0
         0
         0
         0
         0
         0
         0
         0
         0
         0
         0
         0
         0
         0
         0
         0
         0
         0
         0
         0
         0
         0
         0
         0
         0
         0
         0
         0
         0
         0
         0
         0
         0
         0
         0
         0
         0
         0
         0
         0
         0
         0
         0
         0
         0
         0
         0
         0
         0
         0
         0
         0
         0
         0
         0
         0
         0
         0
         0
         0
         0
         0
         0
         0
         0
         0
         0
         0
         0
         0
         0
         0
         0
         0
         0
         0
         0
         0
         0
         0
         0
         0
         0
         0
         0
         0
         0
         0
         0
         0
         0
         0
         0
         0
         0
         0
         0
         0
         0
         0
         0
         0
         0
         0
         0
         0
         0
         0
         0
         0
         0
         0
         0
         0
         0
         0
         0
         0
         0
         0
         0
         0
         0
         0
         0
         0
         0
         0
         0
         0
         0
         0
         0
         0
         0
         0
         0
         0
         0
         0
         0
         0
         0
         0
         0
         0
         0
         0
         0
         0
         0
         0
         0
         0
         0
         0
         0
         0
         0
         0
         0
         0
         0
         0
         0
         0
         0
         0
         0
         0
         0
         0
         0
         0
         0
         0
         0
         0
         0
         0
         0
         0
         0
         0
         0
         0
         0
         0
         0
         0
         0
         0
         0
         0
         0
         0
         0
         0
         0
         0
         0
         0
         0
         0
         0
         0
         0
         0
         0
         0
         0
         0
         0
         0
         0
         0
         0
         0
         0
         0
         0
         0
         0
         0
         0
         0
         0
         0
         0
         0
         0
         0
         0
         0
         0
         0
         0
